20221014185446 20221003151271
20221014185446 20221003151269
20221014185446 20221003151270
20221014185449 20221003150085
20221014185449 20221003150091
20221014185449 20221003150093
20221014185449 20221003150092
20221014185449 20221003150082
20221014185449 20221003150086
20221014185449 20221003150087
20221014185449 20221003150089
20221014185449 20221003150090
20221014185449 20221003150088
20221014185449 20221003150095
20221014185449 20221003150083
20221014185449 20221003150084
20221014185449 20221003150094
20221014185450 20221003151393
20221014185450 20221003151376
20221014185450 20221003151415
20221014185450 20221003151383
20221014185450 20221003151399
20221014185450 20221003151405
20221014185450 20221003151419
20221014185450 20221003151364
20221014185450 20221003151422
20221014185450 20221003151390
20221014185450 20221003151412
20221014185450 20221003151378
20221014185450 20221003151384
20221014185450 20221003151380
20221014185450 20221003151368
20221014185450 20221003151408
20221014185450 20221003151420
20221014185450 20221003151411
20221014185450 20221003151416
20221014185450 20221003151381
20221014185450 20221003151367
20221014185450 20221003151423
20221014185450 20221003151398
20221014185450 20221003151403
20221014185450 20221003151401
20221014185450 20221003151424
20221014185450 20221003151421
20221014185450 20221003151377
20221014185450 20221003151413
20221014185450 20221003151371
20221014185450 20221003151374
20221014185450 20221003151392
20221014185450 20221003151369
20221014185450 20221003151386
20221014185450 20221003151402
20221014185450 20221003151394
20221014185450 20221003151385
20221014185450 20221003151409
20221014185450 20221003151389
20221014185450 20221003151418
20221014185450 20221003151366
20221014185450 20221003151397
20221014185450 20221003151382
20221014185450 20221003151396
20221014185450 20221003151407
20221014185450 20221003151379
20221014185450 20221003151417
20221014185450 20221003151387
20221014185450 20221003151414
20221014185450 20221003151388
20221014185450 20221003151400
20221014185450 20221003151373
20221014185450 20221003151406
20221014185450 20221003151370
20221014185450 20221003151395
20221014185450 20221003151365
20221014185450 20221003151410
20221014185450 20221003151391
20221014185450 20221003151404
20221014185450 20221003151375
20221014185450 20221003151372
20221014185452 20221003151291
20221014185452 20221003151290
20221014185452 20221003151292
20221014185459 20221003150112
20221014185459 20221003150115
20221014185459 20221003150106
20221014185459 20221003150110
20221014185459 20221003150108
20221014185459 20221003150113
20221014185459 20221003150107
20221014185459 20221003150111
20221014185459 20221003150114
20221014185459 20221003150109
20221014185504 20221003150068
20221014185504 20221003150069
20221014185504 20221003150070
20221014185504 20221003150071
20221014185505 20221003150066
20221014185505 20221003150067
20221014185505 20221003150064
20221014185505 20221003150065
20221014185507 20221003150099
20221014185507 20221003150104
20221014185507 20221003150100
20221014185507 20221003150105
20221014185507 20221003150101
20221014185507 20221003150102
20221014185507 20221003150103
20221014185509 20221003151430
20221014185509 20221003151425
20221014185509 20221003151435
20221014185509 20221003151426
20221014185509 20221003151437
20221014185509 20221003151439
20221014185509 20221003151434
20221014185509 20221003151440
20221014185509 20221003151438
20221014185509 20221003151432
20221014185509 20221003151427
20221014185509 20221003151428
20221014185509 20221003151441
20221014185509 20221003151429
20221014185509 20221003151433
20221014185509 20221003151436
20221014185518 20221003150216
20221014185518 20221003150217
20221014185519 20221003150215
20221014185519 20221003150213
20221014185519 20221003150212
20221014185519 20221003150214
20221014185522 20221003150208
20221014185522 20221003150210
20221014185522 20221003150209
20221014185524 20221003150207
20221014185524 20221003150205
20221014185524 20221003150206
20221014185524 20221003150203
20221014185524 20221003150204
20221014185525 20221003151262
20221014185525 20221003151263
20221014185531 20221003151253
20221014185531 20221003151257
20221014185531 20221003151251
20221014185531 20221003151256
20221014185531 20221003151254
20221014185531 20221003151252
20221014185531 20221003151255
20221014185533 20221003151248
20221014185533 20221003151249
20221014185533 20221003151250
20221014185534 20221003151247
20221014185534 20221003151245
20221014185534 20221003151246
20221014185536 20221003151242
20221014185536 20221003151243
20221014185536 20221003151244
20221014185545 20221003151234
20221014185545 20221003151232
20221014185545 20221003151231
20221014185545 20221003151235
20221014185545 20221003151233
20221014185545 20221003151236
20221014185547 20221003151230
20221014185547 20221003151229
20221014185547 20221003151228
20221014185550 20221003151224
20221014185550 20221003151226
20221014185550 20221003151225
20221014185551 20221003151223
20221014185551 20221003151222
20221014185554 20221003151220
20221014185554 20221003151219
20221014185557 20221003151216
20221014185557 20221003151215
20221014185557 20221003151217
20221014185559 20221003151214
20221014185559 20221003151212
20221014185559 20221003151211
20221014185559 20221003151213
20221014185600 20221003151210
20221014185600 20221003151208
20221014185600 20221003151209
20221014185602 20221003151205
20221014185602 20221003151207
20221014185602 20221003151206
20221014185612 20221003151198
20221014185612 20221003151197
20221014185619 20221003151184
20221014185619 20221003151183
20221014185619 20221003151188
20221014185619 20221003151186
20221014185619 20221003151190
20221014185619 20221003151191
20221014185619 20221003151182
20221014185619 20221003151192
20221014185619 20221003151189
20221014185619 20221003151193
20221014185619 20221003151187
20221014185619 20221003151180
20221014185619 20221003151181
20221014185619 20221003151185
20221014185628 20221003151173
20221014185628 20221003151174
20221014185629 20221003151171
20221014185629 20221003151172
20221014185629 20221003151170
20221014185640 20221003151163
20221014185640 20221003151162
20221014185647 20221003151155
20221014185647 20221003151154
20221014185651 20221003151151
20221014185651 20221003151152
20221014185651 20221003151149
20221014185651 20221003151150
20221014185652 20221003151147
20221014185652 20221003151148
20221014185652 20221003151146
20221014185652 20221003151145
20221014185654 20221003151143
20221014185654 20221003151135
20221014185654 20221003151136
20221014185654 20221003151137
20221014185654 20221003151129
20221014185654 20221003151132
20221014185654 20221003151144
20221014185654 20221003151142
20221014185654 20221003151133
20221014185654 20221003151131
20221014185654 20221003151134
20221014185654 20221003151139
20221014185654 20221003151126
20221014185654 20221003151127
20221014185654 20221003151128
20221014185654 20221003151140
20221014185654 20221003151141
20221014185654 20221003151125
20221014185654 20221003151138
20221014185654 20221003151130
20221014185655 20221003151117
20221014185655 20221003151107
20221014185655 20221003151116
20221014185655 20221003151108
20221014185655 20221003151110
20221014185655 20221003151119
20221014185655 20221003151113
20221014185655 20221003151114
20221014185655 20221003151123
20221014185655 20221003151122
20221014185655 20221003151118
20221014185655 20221003151115
20221014185655 20221003151109
20221014185655 20221003151121
20221014185655 20221003151112
20221014185655 20221003151111
20221014185655 20221003151124
20221014185655 20221003151120
20221014185657 20221003151105
20221014185657 20221003151104
20221014185657 20221003151106
20221014185658 20221003151103
20221014185658 20221003151099
20221014185658 20221003151098
20221014185658 20221003151102
20221014185658 20221003151101
20221014185658 20221003151100
20221014185700 20221003151097
20221014185700 20221003151096
20221014185700 20221003151095
20221014185701 20221003151092
20221014185701 20221003151093
20221014185701 20221003151094
20221014185703 20221003151091
20221014185703 20221003151090
20221014185704 20221003151086
20221014185704 20221003151088
20221014185704 20221003151087
20221014185704 20221003151089
20221014185706 20221003151084
20221014185706 20221003151085
20221014185710 20221003151077
20221014185710 20221003151081
20221014185710 20221003151076
20221014185710 20221003151078
20221014185710 20221003151080
20221014185710 20221003151075
20221014185710 20221003151074
20221014185710 20221003151079
20221014185712 20221003151072
20221014185712 20221003151071
20221014185712 20221003151073
20221014185713 20221003151070
20221014185713 20221003151068
20221014185713 20221003151069
20221014185715 20221003151065
20221014185715 20221003151066
20221014185715 20221003151067
20221014185716 20221003151063
20221014185716 20221003151064
20221014185716 20221003151062
20221014185716 20221003151061
20221014185718 20221003151044
20221014185718 20221003151049
20221014185718 20221003151046
20221014185718 20221003151043
20221014185718 20221003151033
20221014185718 20221003151048
20221014185718 20221003151047
20221014185718 20221003151045
20221014185718 20221003151042
20221014185718 20221003151038
20221014185718 20221003151050
20221014185718 20221003151039
20221014185718 20221003151034
20221014185721 20221003151028
20221014185721 20221003151027
20221014185724 20221003151025
20221014185724 20221003151024
20221014185726 20221003151022
20221014185726 20221003151021
20221014185726 20221003151023
20221014185729 20221003151018
20221014185729 20221003151019
20221014185730 20221003151015
20221014185730 20221003151016
20221014185730 20221003151017
20221014185732 20221003151014
20221014185732 20221003151011
20221014185732 20221003151012
20221014185732 20221003151013
20221014185732 20221003151007
20221014185732 20221003151008
20221014185732 20221003151010
20221014185732 20221003151009
20221014185733 20221003151002
20221014185733 20221003150996
20221014185733 20221003150994
20221014185733 20221003151006
20221014185733 20221003151004
20221014185733 20221003151005
20221014185733 20221003151000
20221014185733 20221003151001
20221014185733 20221003150991
20221014185733 20221003150993
20221014185733 20221003150990
20221014185733 20221003150998
20221014185733 20221003151003
20221014185733 20221003150995
20221014185733 20221003150997
20221014185733 20221003150992
20221014185733 20221003150999
20221014185735 20221003150982
20221014185735 20221003150987
20221014185735 20221003150979
20221014185735 20221003150983
20221014185735 20221003150981
20221014185735 20221003150988
20221014185735 20221003150986
20221014185735 20221003150984
20221014185735 20221003150980
20221014185735 20221003150985
20221014185736 20221003150977
20221014185736 20221003150978
20221014185739 20221003150974
20221014185739 20221003150975
20221014185745 20221003150969
20221014185745 20221003150970
20221014185750 20221003150951
20221014185750 20221003150962
20221014185750 20221003150950
20221014185750 20221003150963
20221014185750 20221003150955
20221014185750 20221003150952
20221014185750 20221003150957
20221014185750 20221003150953
20221014185750 20221003150956
20221014185750 20221003150961
20221014185750 20221003150958
20221014185750 20221003150966
20221014185750 20221003150960
20221014185750 20221003150965
20221014185750 20221003150964
20221014185750 20221003150954
20221014185750 20221003150959
20221014185751 20221003150947
20221014185751 20221003150949
20221014185751 20221003150948
20221014185753 20221003150943
20221014185753 20221003150946
20221014185753 20221003150945
20221014185753 20221003150944
20221014185754 20221003150939
20221014185754 20221003150940
20221014185754 20221003150942
20221014185754 20221003150941
20221014185758 20221003150936
20221014185758 20221003150937
20221014185758 20221003150935
20221014185801 20221003150930
20221014185801 20221003150933
20221014185801 20221003150932
20221014185801 20221003150931
20221014185802 20221003150927
20221014185802 20221003150929
20221014185802 20221003150928
20221014185804 20221003150925
20221014185804 20221003150924
20221014185804 20221003150926
20221014185805 20221003150923
20221014185805 20221003150922
20221014185808 20221003150895
20221014185808 20221003150908
20221014185808 20221003150898
20221014185808 20221003150920
20221014185808 20221003150917
20221014185808 20221003150906
20221014185808 20221003150915
20221014185808 20221003150916
20221014185808 20221003150904
20221014185808 20221003150914
20221014185808 20221003150901
20221014185808 20221003150918
20221014185808 20221003150912
20221014185808 20221003150903
20221014185808 20221003150902
20221014185808 20221003150899
20221014185808 20221003150897
20221014185808 20221003150894
20221014185808 20221003150919
20221014185808 20221003150896
20221014185808 20221003150900
20221014185808 20221003150905
20221014185808 20221003150913
20221014185808 20221003150909
20221014185808 20221003150907
20221014185808 20221003150910
20221014185808 20221003150911
20221014185811 20221003150889
20221014185811 20221003150885
20221014185811 20221003150890
20221014185811 20221003150888
20221014185811 20221003150886
20221014185811 20221003150887
20221014185813 20221003150883
20221014185813 20221003150884
20221014185819 20221003150879
20221014185819 20221003150877
20221014185819 20221003150878
20221014185820 20221003150876
20221014185820 20221003150875
20221014185823 20221003150873
20221014185823 20221003150872
20221014185825 20221003150871
20221014185825 20221003150870
20221014185825 20221003150869
20221014185825 20221003150867
20221014185825 20221003150868
20221014185826 20221003150866
20221014185826 20221003150865
20221014185826 20221003150864
20221014185829 20221003150861
20221014185829 20221003150860
20221014185829 20221003150858
20221014185829 20221003150857
20221014185829 20221003150862
20221014185829 20221003150856
20221014185829 20221003150859
20221014185831 20221003150850
20221014185831 20221003150851
20221014185831 20221003150853
20221014185831 20221003150855
20221014185831 20221003150852
20221014185831 20221003150854
20221014185833 20221003150849
20221014185833 20221003150848
20221014185834 20221003150844
20221014185834 20221003150843
20221014185834 20221003150839
20221014185834 20221003150841
20221014185834 20221003150840
20221014185834 20221003150846
20221014185834 20221003150845
20221014185834 20221003150842
20221014185834 20221003150847
20221014185837 20221003150837
20221014185837 20221003150835
20221014185837 20221003150836
20221014185840 20221003150833
20221014185840 20221003150832
20221014185843 20221003150830
20221014185843 20221003150829
20221014185843 20221003150827
20221014185843 20221003150826
20221014185843 20221003150824
20221014185843 20221003150825
20221014185843 20221003150828
20221014185846 20221003150822
20221014185846 20221003150820
20221014185846 20221003150821
20221014185848 20221003150815
20221014185848 20221003150819
20221014185848 20221003150814
20221014185848 20221003150816
20221014185848 20221003150817
20221014185848 20221003150818
20221014185848 20221003150813
20221014185849 20221003150808
20221014185849 20221003150810
20221014185849 20221003150812
20221014185849 20221003150809
20221014185849 20221003150811
20221014185851 20221003150803
20221014185851 20221003150802
20221014185851 20221003150805
20221014185851 20221003150804
20221014185851 20221003150806
20221014185851 20221003150807
20221014185852 20221003150800
20221014185852 20221003150801
20221014185852 20221003150799
20221014185854 20221003150797
20221014185854 20221003150798
20221014185855 20221003150792
20221014185855 20221003150795
20221014185855 20221003150796
20221014185855 20221003150794
20221014185855 20221003150793
20221014185857 20221003150791
20221014185857 20221003150789
20221014185857 20221003150790
20221014185857 20221003150788
20221014185857 20221003150787
20221014185858 20221003150785
20221014185858 20221003150781
20221014185858 20221003150782
20221014185858 20221003150784
20221014185858 20221003150786
20221014185858 20221003150783
20221014185900 20221003150778
20221014185900 20221003150779
20221014185900 20221003150780
20221014185901 20221003150762
20221014185901 20221003150765
20221014185901 20221003150757
20221014185901 20221003150771
20221014185901 20221003150759
20221014185901 20221003150766
20221014185901 20221003150775
20221014185901 20221003150761
20221014185901 20221003150758
20221014185901 20221003150776
20221014185901 20221003150770
20221014185901 20221003150764
20221014185901 20221003150777
20221014185901 20221003150769
20221014185901 20221003150756
20221014185901 20221003150774
20221014185901 20221003150772
20221014185901 20221003150773
20221014185901 20221003150768
20221014185901 20221003150767
20221014185901 20221003150760
20221014185901 20221003150763
20221014185903 20221003150755
20221014185903 20221003150754
20221014185905 20221003150751
20221014185905 20221003150747
20221014185905 20221003150749
20221014185905 20221003150750
20221014185905 20221003150752
20221014185905 20221003150753
20221014185905 20221003150746
20221014185905 20221003150748
20221014185908 20221003150740
20221014185908 20221003150743
20221014185908 20221003150742
20221014185908 20221003150741
20221014185908 20221003150744
20221014185909 20221003150732
20221014185909 20221003150737
20221014185909 20221003150739
20221014185909 20221003150733
20221014185909 20221003150735
20221014185909 20221003150734
20221014185909 20221003150736
20221014185909 20221003150738
20221014185909 20221003150731
20221014185911 20221003150729
20221014185911 20221003150728
20221014185911 20221003150730
20221014185914 20221003150723
20221014185914 20221003150724
20221014185914 20221003150721
20221014185914 20221003150722
20221014185915 20221003150719
20221014185915 20221003150718
20221014185915 20221003150720
20221014185917 20221003150715
20221014185917 20221003150713
20221014185917 20221003150717
20221014185917 20221003150710
20221014185917 20221003150712
20221014185917 20221003150714
20221014185917 20221003150711
20221014185917 20221003150716
20221014185918 20221003150704
20221014185918 20221003150707
20221014185918 20221003150708
20221014185918 20221003150702
20221014185918 20221003150699
20221014185918 20221003150703
20221014185918 20221003150701
20221014185918 20221003150700
20221014185918 20221003150709
20221014185918 20221003150706
20221014185918 20221003150705
20221014185920 20221003150695
20221014185920 20221003150697
20221014185920 20221003150696
20221014185920 20221003150698
20221014185921 20221003150694
20221014185921 20221003150686
20221014185921 20221003150691
20221014185921 20221003150688
20221014185921 20221003150693
20221014185921 20221003150689
20221014185921 20221003150690
20221014185921 20221003150687
20221014185921 20221003150692
20221014185924 20221003150682
20221014185924 20221003150683
20221014185926 20221003150678
20221014185926 20221003150681
20221014185926 20221003150680
20221014185926 20221003150679
20221014185927 20221003150674
20221014185927 20221003150676
20221014185927 20221003150677
20221014185927 20221003150675
20221014185929 20221003150667
20221014185929 20221003150672
20221014185929 20221003150669
20221014185929 20221003150673
20221014185929 20221003150670
20221014185929 20221003150668
20221014185929 20221003150671
20221014185932 20221003150664
20221014185932 20221003150663
20221014185932 20221003150665
20221014185933 20221003150662
20221014185933 20221003150661
20221014185933 20221003150660
20221014185935 20221003150652
20221014185935 20221003150658
20221014185935 20221003150656
20221014185935 20221003150654
20221014185935 20221003150659
20221014185935 20221003150653
20221014185935 20221003150657
20221014185935 20221003150655
20221014185936 20221003150650
20221014185936 20221003150651
20221014185936 20221003150649
20221014185938 20221003150647
20221014185938 20221003150639
20221014185938 20221003150640
20221014185938 20221003150636
20221014185938 20221003150645
20221014185938 20221003150642
20221014185938 20221003150641
20221014185938 20221003150638
20221014185938 20221003150646
20221014185938 20221003150643
20221014185938 20221003150648
20221014185938 20221003150644
20221014185938 20221003150637
20221014185940 20221003150633
20221014185940 20221003150635
20221014185940 20221003150634
20221014185944 20221003150627
20221014185944 20221003150629
20221014185944 20221003150626
20221014185944 20221003150624
20221014185944 20221003150625
20221014185944 20221003150628
20221014185944 20221003150630
20221014185946 20221003150621
20221014185946 20221003150618
20221014185946 20221003150622
20221014185946 20221003150620
20221014185946 20221003150619
20221014185946 20221003150616
20221014185946 20221003150623
20221014185946 20221003150617
20221014185946 20221003150615
20221014185947 20221003150605
20221014185947 20221003150606
20221014185947 20221003150614
20221014185947 20221003150607
20221014185947 20221003150610
20221014185947 20221003150609
20221014185947 20221003150608
20221014185947 20221003150613
20221014185947 20221003150612
20221014185947 20221003150611
20221014185949 20221003150601
20221014185949 20221003150604
20221014185949 20221003150603
20221014185949 20221003150602
20221014185950 20221003150596
20221014185950 20221003150598
20221014185950 20221003150599
20221014185950 20221003150600
20221014185950 20221003150595
20221014185950 20221003150597
20221014185952 20221003150594
20221014185952 20221003150593
20221014185953 20221003150585
20221014185953 20221003150586
20221014185953 20221003150588
20221014185953 20221003150592
20221014185953 20221003150583
20221014185953 20221003150590
20221014185953 20221003150584
20221014185953 20221003150591
20221014185953 20221003150587
20221014185953 20221003150589
20221014185955 20221003150582
20221014185955 20221003150579
20221014185955 20221003150578
20221014185955 20221003150581
20221014185955 20221003150580
20221014185958 20221003150572
20221014185958 20221003150573
20221014185958 20221003150574
20221014185958 20221003150576
20221014185958 20221003150575
20221014185959 20221003150570
20221014185959 20221003150571
20221014190001 20221003150553
20221014190001 20221003150552
20221014190002 20221003150536
20221014190002 20221003150537
20221014190002 20221003150544
20221014190002 20221003150548
20221014190002 20221003150545
20221014190002 20221003150538
20221014190002 20221003150534
20221014190002 20221003150539
20221014190002 20221003150542
20221014190002 20221003150547
20221014190002 20221003150540
20221014190002 20221003150546
20221014190002 20221003150541
20221014190002 20221003150543
20221014190002 20221003150533
20221014190002 20221003150535
20221014190004 20221003150532
20221014190004 20221003150531
20221014190004 20221003150530
20221014190005 20221003150529
20221014190005 20221003150528
20221014190010 20221003150524
20221014190010 20221003150525
20221014190013 20221003150522
20221014190013 20221003150519
20221014190013 20221003150520
20221014190013 20221003150521
20221014190016 20221003150517
20221014190016 20221003150516
20221014190018 20221003150515
20221014190018 20221003150513
20221014190018 20221003150514
20221014190019 20221003150511
20221014190019 20221003150512
20221014190019 20221003150510
20221014190021 20221003150509
20221014190021 20221003150504
20221014190021 20221003150506
20221014190021 20221003150505
20221014190021 20221003150507
20221014190021 20221003150508
20221014190022 20221003150503
20221014190022 20221003150501
20221014190022 20221003150502
20221014190024 20221003150499
20221014190024 20221003150500
20221014190036 20221003150491
20221014190036 20221003150489
20221014190036 20221003150490
20221014190037 20221003150478
20221014190037 20221003150488
20221014190037 20221003150481
20221014190037 20221003150477
20221014190037 20221003150483
20221014190037 20221003150480
20221014190037 20221003150484
20221014190037 20221003150485
20221014190037 20221003150482
20221014190037 20221003150486
20221014190037 20221003150487
20221014190037 20221003150479
20221014190039 20221003150475
20221014190039 20221003150474
20221014190039 20221003150471
20221014190039 20221003150467
20221014190039 20221003150476
20221014190039 20221003150472
20221014190039 20221003150470
20221014190039 20221003150466
20221014190039 20221003150469
20221014190039 20221003150468
20221014190039 20221003150473
20221014190040 20221003150464
20221014190040 20221003150465
20221014190040 20221003150463
20221014190042 20221003150461
20221014190042 20221003150462
20221014190042 20221003150460
20221014190045 20221003150451
20221014190045 20221003150454
20221014190045 20221003150452
20221014190045 20221003150453
20221014190045 20221003150447
20221014190045 20221003150448
20221014190047 20221003150431
20221014190047 20221003150421
20221014190047 20221003150362
20221014190047 20221003150371
20221014190047 20221003150386
20221014190047 20221003150367
20221014190047 20221003150429
20221014190047 20221003150378
20221014190047 20221003150382
20221014190047 20221003150370
20221014190047 20221003150383
20221014190047 20221003150424
20221014190047 20221003150381
20221014190047 20221003150379
20221014190047 20221003150354
20221014190047 20221003150385
20221014190047 20221003150433
20221014190047 20221003150392
20221014190047 20221003150384
20221014190047 20221003150419
20221014190047 20221003150360
20221014190047 20221003150389
20221014190047 20221003150377
20221014190047 20221003150368
20221014190047 20221003150359
20221014190047 20221003150364
20221014190047 20221003150388
20221014190047 20221003150425
20221014190047 20221003150422
20221014190047 20221003150373
20221014190047 20221003150387
20221014190047 20221003150430
20221014190047 20221003150428
20221014190047 20221003150390
20221014190047 20221003150363
20221014190047 20221003150376
20221014190047 20221003150427
20221014190047 20221003150375
20221014190047 20221003150432
20221014190047 20221003150391
20221014190047 20221003150355
20221014190047 20221003150380
20221014190047 20221003150374
20221014190047 20221003150423
20221014190047 20221003150369
20221014190048 20221003150350
20221014190048 20221003150349
20221014190048 20221003150348
20221014190050 20221003150346
20221014190050 20221003150344
20221014190050 20221003150345
20221014190051 20221003150342
20221014190051 20221003150343
20221014190054 20221003150340
20221014190054 20221003150339
20221014190054 20221003150336
20221014190054 20221003150337
20221014190054 20221003150338
20221014190056 20221003150303
20221014190056 20221003150311
20221014190056 20221003150310
20221014190056 20221003150312
20221014190056 20221003150314
20221014190056 20221003150304
20221014190056 20221003150301
20221014190056 20221003150300
20221014190056 20221003150306
20221014190056 20221003150297
20221014190056 20221003150299
20221014190056 20221003150308
20221014190056 20221003150296
20221014190056 20221003150309
20221014190056 20221003150298
20221014190056 20221003150313
20221014190056 20221003150302
20221014190056 20221003150305
20221014190057 20221003150286
20221014190057 20221003150287
20221014190057 20221003150282
20221014190057 20221003150289
20221014190057 20221003150285
20221014190057 20221003150283
20221014190057 20221003150288
20221014190057 20221003150284
20221014190059 20221003150277
20221014190059 20221003150279
20221014190059 20221003150280
20221014190059 20221003150278
20221014190059 20221003150281
20221014190102 20221003150274
20221014190102 20221003150273
20221014190102 20221003150272
20221014190105 20221003150247
20221014190105 20221003150258
20221014190105 20221003150244
20221014190105 20221003150268
20221014190105 20221003150263
20221014190105 20221003150249
20221014190105 20221003150261
20221014190105 20221003150270
20221014190105 20221003150250
20221014190105 20221003150269
20221014190105 20221003150262
20221014190105 20221003150265
20221014190105 20221003150246
20221014190105 20221003150245
20221014190105 20221003150264
20221014190105 20221003150259
20221014190105 20221003150267
20221014190106 20221003150242
20221014190106 20221003150241
20221014190109 20221003150239
20221014190109 20221003150238
20221014190109 20221003150233
20221014190109 20221003150232
20221014190109 20221003150237
20221014190109 20221003150234
20221014190109 20221003150236
20221014190109 20221003150235
20221014190111 20221003150231
20221014190111 20221003150230
20221014190111 20221003150229
20221014190111 20221003150228
20221014190112 20221003150227
20221014190112 20221003150226
20221014190114 20221003150225
20221014190114 20221003150223
20221014190114 20221003150224
20221014190117 20221003151344
20221014190117 20221003151347
20221014190117 20221003151346
20221014190117 20221003151345
20221014190117 20221003151348
20221014190117 20221003151349
20221014190117 20221003151350
20221014190119 20221003151342
20221014190119 20221003151343
20221014190125 20221003151337
20221014190125 20221003151338
20221014190125 20221003151336
20221014190128 20221003150201
20221014190128 20221003150200
20221014190132 20221003150196
20221014190132 20221003150197
20221014190138 20221003150192
20221014190138 20221003150193
20221014190140 20221003150191
20221014190140 20221003150190
20221014190140 20221003150188
20221014190140 20221003150189
20221014190141 20221003150185
20221014190141 20221003150187
20221014190141 20221003150186
20221014190143 20221003150184
20221014190143 20221003150183
20221014190144 20221003150178
20221014190144 20221003150180
20221014190144 20221003150182
20221014190144 20221003150181
20221014190144 20221003150179
20221014190146 20221003150176
20221014190146 20221003150175
20221014190147 20221003150172
20221014190147 20221003150174
20221014190147 20221003150173
20221014190149 20221003150169
20221014190149 20221003150170
20221014190149 20221003150171
20221014190151 20221003150168
20221014190151 20221003150167
20221014190151 20221003150166
20221014190152 20221003150164
20221014190152 20221003150163
20221014190152 20221003150165
20221014190154 20221003150162
20221014190154 20221003150161
20221014190154 20221003150160
20221014190155 20221003150158
20221014190155 20221003150157
20221014190155 20221003150159
20221014190157 20221003150156
20221014190157 20221003150155
20221014190158 20221003150153
20221014190158 20221003150146
20221014190158 20221003150145
20221014190158 20221003150148
20221014190158 20221003150151
20221014190158 20221003150152
20221014190158 20221003150154
20221014190158 20221003150144
20221014190158 20221003150147
20221014190158 20221003150149
20221014190158 20221003150150
20221014190200 20221003150141
20221014190200 20221003150142
20221014190200 20221003150143
20221014190201 20221003150138
20221014190201 20221003150139
20221014190201 20221003150140
20221014190206 20221003150134
20221014190206 20221003150133
20221014190207 20221003150131
20221014190207 20221003150130
20221014190209 20221003150128
20221014190209 20221003150127
20221014190209 20221003150129
20221014190210 20221003150120
20221014190210 20221003150126
20221014190210 20221003150123
20221014190210 20221003150124
20221014190210 20221003150125
20221014190210 20221003150121
20221014190210 20221003150122
20221014190210 20221003150119
20221014190216 20221003150077
20221014190216 20221003150079
20221014190216 20221003150078
20221014190219 20221003150074
20221014190219 20221003150075
20221014190221 20221003151289
20221014190221 20221003151287
20221014190221 20221003151288
20221014190222 20221003151286
20221014190222 20221003151285
20221014190224 20221003151284
20221014190224 20221003151283
20221014190224 20221003151282
20221014190226 20221003151279
20221014190226 20221003151280
20221014190226 20221003151281
20221014190227 20221003151278
20221014190227 20221003151277
20221014190227 20221003151276
20221014190229 20221003151358
20221014190229 20221003151351
20221014190229 20221003151353
20221014190229 20221003151362
20221014190229 20221003151359
20221014190229 20221003151356
20221014190229 20221003151354
20221014190229 20221003151357
20221014190229 20221003151361
20221014190229 20221003151355
20221014190229 20221003151363
20221014190229 20221003151360
20221014190229 20221003151352
20221014190233 20221003150221
20221014190233 20221003150220
20221014190236 20221003151266
20221014190236 20221003151265
20221014190236 20221003151267
20221014190236 20221003151264
20221014190238 20221003151335
20221014190238 20221003151334
20221014190238 20221003151333
20221014190239 20221006032546
20221014190239 20221003151332
20221014190239 20221003151330
20221014190239 20221003151331
20221014190241 20221003151329
20221014190241 20221003151328
20221014190241 20221003151327
20221014190241 20221003151326
20221014190244 20221003151324
20221014190244 20221003151323
20221014190247 20221003151321
20221014190247 20221003151319
20221014190247 20221003151320
20221014190248 20221003151317
20221014190248 20221003151318
20221014190250 20221003151316
20221014190250 20221003151314
20221014190250 20221003151312
20221014190250 20221003151315
20221014190250 20221003151311
20221014190250 20221003151310
20221014190250 20221003151313
20221014190251 20221003151309
20221014190251 20221003151307
20221014190251 20221003151308
20221014190253 20221003151304
20221014190253 20221003151305
20221014190253 20221003151306
20221014190253 20221003151303
20221014190259 20221003151296
20221014190259 20221003151298
20221014190259 20221003151297
20221014190259 20221003151299
20221014190301 20221003151293
20221014190301 20221003151295
20221014190301 20221003151294
