20221003150065 20221003150064 zet/20221003150064/README.md 4
20221003150065 20221005200242 zet/20221005200242/README.md 14
20221003150065 20221014185505 zet/20221014185505/README.md 4
20221003150070 20221003150071 zet/20221003150071/README.md 3
20221003150070 20221005200242 zet/20221005200242/README.md 14
20221003150070 20221014185504 zet/20221014185504/README.md 4
20221003150075 20221003150074 zet/20221003150074/README.md 4
20221003150075 20221003150076 zet/20221003150076/README.md 2
20221003150075 20221003150081 zet/20221003150081/README.md 7
20221003150075 20221005200242 zet/20221005200242/README.md 14
20221003150075 20221008050923 zet/20221008050923/README.md 16
20221003150075 20221010180841 zet/20221010180841/README.md 31
20221003150075 20221010222312 zet/20221010222312/README.md 4
20221003150075 20221012065200 zet/20221012065200/README.md 10
20221003150075 20221013222336 zet/20221013222336/README.md 8
20221003150075 20221014154934 zet/20221014154934/README.md 10
20221003150075 20221014190219 zet/20221014190219/README.md 4
20221003150075 20221024082446 zet/20221024082446/README.md 9
20221003150100 20221005200242 zet/20221005200242/README.md 14
20221003150100 20221014185507 zet/20221014185507/README.md 4
20221003150104 20221003150101 zet/20221003150101/README.md 8
20221003150104 20221003150102 zet/20221003150102/README.md 5
20221003150104 20221003150103 zet/20221003150103/README.md 11
20221003150104 20221003150315 zet/20221003150315/README.md 2
20221003150104 20221005200242 zet/20221005200242/README.md 14
20221003150104 20221014185507 zet/20221014185507/README.md 4
20221003150105 20221003150099 zet/20221003150099/README.md 6
20221003150105 20221003150315 zet/20221003150315/README.md 2
20221003150105 20221005200242 zet/20221005200242/README.md 14
20221003150105 20221007023939 zet/20221007023939/README.md 8
20221003150105 20221008070202 zet/20221008070202/README.md 15
20221003150105 20221009005402 zet/20221009005402/README.md 4
20221003150105 20221014185507 zet/20221014185507/README.md 4
20221003150105 20221014213559 zet/20221014213559/README.md 4
20221003150105 20221015005745 zet/20221015005745/README.md 5
20221003150120 20221003150119 zet/20221003150119/README.md 10
20221003150120 20221003150126 zet/20221003150126/README.md 4
20221003150120 20221005200242 zet/20221005200242/README.md 14
20221003150120 20221014190210 zet/20221014190210/README.md 4
20221003150122 20221003150121 zet/20221003150121/README.md 7
20221003150122 20221003150126 zet/20221003150126/README.md 4
20221003150122 20221005200242 zet/20221005200242/README.md 14
20221003150122 20221014190210 zet/20221014190210/README.md 4
20221003150125 20221003150123 zet/20221003150123/README.md 13
20221003150125 20221003150124 zet/20221003150124/README.md 4
20221003150125 20221003150126 zet/20221003150126/README.md 4
20221003150125 20221005200242 zet/20221005200242/README.md 14
20221003150125 20221014190210 zet/20221014190210/README.md 4
20221003150128 20221003150127 zet/20221003150127/README.md 2
20221003150128 20221005200242 zet/20221005200242/README.md 14
20221003150128 20221014190209 zet/20221014190209/README.md 4
20221003150129 20221005200242 zet/20221005200242/README.md 14
20221003150129 20221014190209 zet/20221014190209/README.md 4
20221003150131 20221003150130 zet/20221003150130/README.md 2
20221003150131 20221005200242 zet/20221005200242/README.md 14
20221003150131 20221014190207 zet/20221014190207/README.md 4
20221003150140 20221003150138 zet/20221003150138/README.md 2
20221003150140 20221003150139 zet/20221003150139/README.md 2
20221003150140 20221003150199 zet/20221003150199/README.md 4
20221003150140 20221003150632 zet/20221003150632/README.md 4
20221003150140 20221005200242 zet/20221005200242/README.md 14
20221003150140 20221006025730 zet/20221006025730/README.md 2
20221003150140 20221009005402 zet/20221009005402/README.md 4
20221003150140 20221013171453 zet/20221013171453/README.md 4
20221003150140 20221014190201 zet/20221014190201/README.md 4
20221003150140 20221018125400 zet/20221018125400/README.md 10
20221003150140 20221018174628 zet/20221018174628/README.md 4
20221003150143 20221003150142 zet/20221003150142/README.md 4
20221003150143 20221005200242 zet/20221005200242/README.md 14
20221003150143 20221007043259 zet/20221007043259/README.md 90
20221003150143 20221009005402 zet/20221009005402/README.md 4
20221003150143 20221014190200 zet/20221014190200/README.md 4
20221003150154 20221003150150 zet/20221003150150/README.md 2
20221003150154 20221003150153 zet/20221003150153/README.md 8
20221003150154 20221005200242 zet/20221005200242/README.md 14
20221003150154 20221014190158 zet/20221014190158/README.md 4
20221003150156 20221003150155 zet/20221003150155/README.md 5
20221003150156 20221003150631 zet/20221003150631/README.md 7
20221003150156 20221003150632 zet/20221003150632/README.md 4
20221003150156 20221005200242 zet/20221005200242/README.md 14
20221003150156 20221007181438 zet/20221007181438/README.md 12
20221003150156 20221007220451 zet/20221007220451/README.md 7
20221003150156 20221009014200 zet/20221009014200/README.md 2
20221003150156 20221014190157 zet/20221014190157/README.md 4
20221003150156 20221022210719 zet/20221022210719/README.md 5
20221003150165 20221003150163 zet/20221003150163/README.md 5
20221003150165 20221003150164 zet/20221003150164/README.md 3
20221003150165 20221005200242 zet/20221005200242/README.md 14
20221003150165 20221014190152 zet/20221014190152/README.md 4
20221003150171 20221003150169 zet/20221003150169/README.md 2
20221003150171 20221003150170 zet/20221003150170/README.md 7
20221003150171 20221005200242 zet/20221005200242/README.md 14
20221003150171 20221014190149 zet/20221014190149/README.md 4
20221003150173 20221003150174 zet/20221003150174/README.md 3
20221003150173 20221005200242 zet/20221005200242/README.md 14
20221003150173 20221014190147 zet/20221014190147/README.md 4
20221003150184 20221003150183 zet/20221003150183/README.md 4
20221003150184 20221005200242 zet/20221005200242/README.md 14
20221003150184 20221014190143 zet/20221014190143/README.md 4
20221003150191 20221003150188 zet/20221003150188/README.md 8
20221003150191 20221003150189 zet/20221003150189/README.md 6
20221003150191 20221003150190 zet/20221003150190/README.md 5
20221003150191 20221005200242 zet/20221005200242/README.md 14
20221003150191 20221006025356 zet/20221006025356/README.md 2
20221003150191 20221008212802 zet/20221008212802/README.md 2
20221003150191 20221012070318 zet/20221012070318/README.md 4
20221003150191 20221014190140 zet/20221014190140/README.md 4
20221003150191 20221019002732 zet/20221019002732/README.md 4
20221003150193 20221003150192 zet/20221003150192/README.md 10
20221003150193 20221005200242 zet/20221005200242/README.md 14
20221003150193 20221013035124 zet/20221013035124/README.md 4
20221003150193 20221014190138 zet/20221014190138/README.md 4
20221003150221 20221003150220 zet/20221003150220/README.md 2
20221003150221 20221005200242 zet/20221005200242/README.md 14
20221003150221 20221010150900 zet/20221010150900/README.md 2
20221003150221 20221012152421 zet/20221012152421/README.md 9
20221003150221 20221012211416 zet/20221012211416/README.md 4
20221003150221 20221013203732 zet/20221013203732/README.md 4
20221003150221 20221014190233 zet/20221014190233/README.md 4
20221003150221 20221015050620 zet/20221015050620/README.md 6
20221003150221 20221015173720 zet/20221015173720/README.md 4
20221003150225 20221003150223 zet/20221003150223/README.md 5
20221003150225 20221003150224 zet/20221003150224/README.md 4
20221003150225 20221005200242 zet/20221005200242/README.md 14
20221003150225 20221014190114 zet/20221014190114/README.md 4
20221003150225 20221017172946 zet/20221017172946/README.md 4
20221003150231 20221003150229 zet/20221003150229/README.md 2
20221003150231 20221003150230 zet/20221003150230/README.md 2
20221003150231 20221005200242 zet/20221005200242/README.md 14
20221003150231 20221014190111 zet/20221014190111/README.md 4
20221003150239 20221003150233 zet/20221003150233/README.md 4
20221003150239 20221003150234 zet/20221003150234/README.md 7
20221003150239 20221003150235 zet/20221003150235/README.md 4
20221003150239 20221003150236 zet/20221003150236/README.md 5
20221003150239 20221003150237 zet/20221003150237/README.md 4
20221003150239 20221003150238 zet/20221003150238/README.md 4
20221003150239 20221005200242 zet/20221005200242/README.md 14
20221003150239 20221007220451 zet/20221007220451/README.md 7
20221003150239 20221010064819 zet/20221010064819/README.md 31
20221003150239 20221014190109 zet/20221014190109/README.md 4
20221003150239 20221022210052 zet/20221022210052/README.md 4
20221003150242 20221003150241 zet/20221003150241/README.md 4
20221003150242 20221003150257 zet/20221003150257/README.md 2
20221003150242 20221003150335 zet/20221003150335/README.md 3
20221003150242 20221003150347 zet/20221003150347/README.md 8
20221003150242 20221003150361 zet/20221003150361/README.md 2
20221003150242 20221003150420 zet/20221003150420/README.md 7
20221003150242 20221003151164 zet/20221003151164/README.md 8
20221003150242 20221003151168 zet/20221003151168/README.md 9
20221003150242 20221003151195 zet/20221003151195/README.md 7
20221003150242 20221003151196 zet/20221003151196/README.md 5
20221003150242 20221003151199 zet/20221003151199/README.md 2
20221003150242 20221003151202 zet/20221003151202/README.md 2
20221003150242 20221003151203 zet/20221003151203/README.md 4
20221003150242 20221003151237 zet/20221003151237/README.md 4
20221003150242 20221005200242 zet/20221005200242/README.md 14
20221003150242 20221008213825 zet/20221008213825/README.md 15
20221003150242 20221014164014 zet/20221014164014/README.md 4
20221003150242 20221014190106 zet/20221014190106/README.md 4
20221003150242 20221020000848 zet/20221020000848/README.md 4
20221003150247 20221003150246 zet/20221003150246/README.md 2
20221003150247 20221005200242 zet/20221005200242/README.md 14
20221003150247 20221014190105 zet/20221014190105/README.md 4
20221003150247 20221024131549 zet/20221024131549/README.md 4
20221003150259 20221003150258 zet/20221003150258/README.md 3
20221003150259 20221003150275 zet/20221003150275/README.md 2
20221003150259 20221005200242 zet/20221005200242/README.md 14
20221003150259 20221014190105 zet/20221014190105/README.md 4
20221003150259 20221024131549 zet/20221024131549/README.md 4
20221003150264 20221003150263 zet/20221003150263/README.md 15
20221003150264 20221005200242 zet/20221005200242/README.md 14
20221003150264 20221014190105 zet/20221014190105/README.md 4
20221003150264 20221024131549 zet/20221024131549/README.md 4
20221003150265 20221003150261 zet/20221003150261/README.md 8
20221003150265 20221003150262 zet/20221003150262/README.md 8
20221003150265 20221005200242 zet/20221005200242/README.md 14
20221003150265 20221014190105 zet/20221014190105/README.md 4
20221003150265 20221024131549 zet/20221024131549/README.md 4
20221003150268 20221005200242 zet/20221005200242/README.md 14
20221003150268 20221014190105 zet/20221014190105/README.md 4
20221003150268 20221024131549 zet/20221024131549/README.md 4
20221003150269 20221005200242 zet/20221005200242/README.md 14
20221003150269 20221014190105 zet/20221014190105/README.md 4
20221003150269 20221024131549 zet/20221024131549/README.md 4
20221003150270 20221003150267 zet/20221003150267/README.md 5
20221003150270 20221005200242 zet/20221005200242/README.md 14
20221003150270 20221014190105 zet/20221014190105/README.md 4
20221003150270 20221024131549 zet/20221024131549/README.md 4
20221003150279 20221003150277 zet/20221003150277/README.md 4
20221003150279 20221003150278 zet/20221003150278/README.md 3
20221003150279 20221003150281 zet/20221003150281/README.md 4
20221003150279 20221005200242 zet/20221005200242/README.md 14
20221003150279 20221008215325 zet/20221008215325/README.md 4
20221003150279 20221014190059 zet/20221014190059/README.md 4
20221003150283 20221005200242 zet/20221005200242/README.md 14
20221003150283 20221014190057 zet/20221014190057/README.md 4
20221003150286 20221003150284 zet/20221003150284/README.md 4
20221003150286 20221003150285 zet/20221003150285/README.md 2
20221003150286 20221005200242 zet/20221005200242/README.md 14
20221003150286 20221014190057 zet/20221014190057/README.md 4
20221003150289 20221003150282 zet/20221003150282/README.md 2
20221003150289 20221003150287 zet/20221003150287/README.md 2
20221003150289 20221003150288 zet/20221003150288/README.md 2
20221003150289 20221003151058 zet/20221003151058/README.md 13
20221003150289 20221003151153 zet/20221003151153/README.md 4
20221003150289 20221005200242 zet/20221005200242/README.md 14
20221003150289 20221006213130 zet/20221006213130/README.md 2
20221003150289 20221007220451 zet/20221007220451/README.md 7
20221003150289 20221008221548 zet/20221008221548/README.md 4
20221003150289 20221008221940 zet/20221008221940/README.md 8
20221003150289 20221014190057 zet/20221014190057/README.md 4
20221003150297 20221005200242 zet/20221005200242/README.md 14
20221003150297 20221013222124 zet/20221013222124/README.md 4
20221003150297 20221014190056 zet/20221014190056/README.md 4
20221003150297 20221022210719 zet/20221022210719/README.md 5
20221003150298 20221003151274 zet/20221003151274/README.md 5
20221003150298 20221005200242 zet/20221005200242/README.md 14
20221003150298 20221013194055 zet/20221013194055/README.md 4
20221003150298 20221014190056 zet/20221014190056/README.md 4
20221003150298 20221022210719 zet/20221022210719/README.md 5
20221003150299 20221003150296 zet/20221003150296/README.md 9
20221003150299 20221005200242 zet/20221005200242/README.md 14
20221003150299 20221007062330 zet/20221007062330/README.md 4
20221003150299 20221013222124 zet/20221013222124/README.md 4
20221003150299 20221014190056 zet/20221014190056/README.md 4
20221003150299 20221022210719 zet/20221022210719/README.md 5
20221003150306 20221003150305 zet/20221003150305/README.md 4
20221003150306 20221003150352 zet/20221003150352/README.md 2
20221003150306 20221005200242 zet/20221005200242/README.md 14
20221003150306 20221014190056 zet/20221014190056/README.md 4
20221003150306 20221022210719 zet/20221022210719/README.md 5
20221003150310 20221003150308 zet/20221003150308/README.md 4
20221003150310 20221003150309 zet/20221003150309/README.md 4
20221003150310 20221003151408 zet/20221003151408/README.md 65
20221003150310 20221005200242 zet/20221005200242/README.md 14
20221003150310 20221014190056 zet/20221014190056/README.md 4
20221003150310 20221022210719 zet/20221022210719/README.md 5
20221003150312 20221003150311 zet/20221003150311/README.md 2
20221003150312 20221003150600 zet/20221003150600/README.md 7
20221003150312 20221003150838 zet/20221003150838/README.md 5
20221003150312 20221003151035 zet/20221003151035/README.md 2
20221003150312 20221003151198 zet/20221003151198/README.md 39
20221003150312 20221005200242 zet/20221005200242/README.md 14
20221003150312 20221009005402 zet/20221009005402/README.md 4
20221003150312 20221014164014 zet/20221014164014/README.md 4
20221003150312 20221014190056 zet/20221014190056/README.md 4
20221003150312 20221022210719 zet/20221022210719/README.md 5
20221003150314 20221003150313 zet/20221003150313/README.md 2
20221003150314 20221005200242 zet/20221005200242/README.md 14
20221003150314 20221014190056 zet/20221014190056/README.md 4
20221003150314 20221022210719 zet/20221022210719/README.md 5
20221003150316 20221005200242 zet/20221005200242/README.md 14
20221003150316 20221009005402 zet/20221009005402/README.md 4
20221003150318 20221005200242 zet/20221005200242/README.md 14
20221003150319 20221005200242 zet/20221005200242/README.md 14
20221003150320 20221005200242 zet/20221005200242/README.md 14
20221003150321 20221005200242 zet/20221005200242/README.md 14
20221003150324 20221005200242 zet/20221005200242/README.md 14
20221003150325 20221003150323 zet/20221003150323/README.md 2
20221003150325 20221005200242 zet/20221005200242/README.md 14
20221003150325 20221012152319 zet/20221012152319/README.md 4
20221003150326 20221003150323 zet/20221003150323/README.md 2
20221003150326 20221005200242 zet/20221005200242/README.md 14
20221003150340 20221003150338 zet/20221003150338/README.md 2
20221003150340 20221003150339 zet/20221003150339/README.md 16
20221003150340 20221005200242 zet/20221005200242/README.md 14
20221003150340 20221014190054 zet/20221014190054/README.md 4
20221003150343 20221003150342 zet/20221003150342/README.md 4
20221003150343 20221005200242 zet/20221005200242/README.md 14
20221003150343 20221008213825 zet/20221008213825/README.md 15
20221003150343 20221014190051 zet/20221014190051/README.md 4
20221003150346 20221003150249 zet/20221003150249/README.md 2
20221003150346 20221003150344 zet/20221003150344/README.md 4
20221003150346 20221003150345 zet/20221003150345/README.md 7
20221003150346 20221003150805 zet/20221003150805/README.md 4
20221003150346 20221003150823 zet/20221003150823/README.md 4
20221003150346 20221003151174 zet/20221003151174/README.md 14
20221003150346 20221003151210 zet/20221003151210/README.md 88
20221003150346 20221005200242 zet/20221005200242/README.md 14
20221003150346 20221009005402 zet/20221009005402/README.md 4
20221003150346 20221014190050 zet/20221014190050/README.md 4
20221003150346 20221015014643 zet/20221015014643/README.md 12
20221003150350 20221003150348 zet/20221003150348/README.md 288
20221003150350 20221003150349 zet/20221003150349/README.md 5
20221003150350 20221005200242 zet/20221005200242/README.md 14
20221003150350 20221007062330 zet/20221007062330/README.md 4
20221003150350 20221013222124 zet/20221013222124/README.md 4
20221003150350 20221014190048 zet/20221014190048/README.md 4
20221003150350 20221015172248 zet/20221015172248/README.md 26
20221003150350 20221016161034 zet/20221016161034/README.md 7
20221003150355 20221003150354 zet/20221003150354/README.md 2
20221003150355 20221005200242 zet/20221005200242/README.md 14
20221003150355 20221008194048 zet/20221008194048/README.md 40
20221003150355 20221008212519 zet/20221008212519/README.md 2
20221003150355 20221014190047 zet/20221014190047/README.md 4
20221003150355 20221015014643 zet/20221015014643/README.md 12
20221003150360 20221003150359 zet/20221003150359/README.md 4
20221003150360 20221005200242 zet/20221005200242/README.md 14
20221003150360 20221014190047 zet/20221014190047/README.md 4
20221003150363 20221003150362 zet/20221003150362/README.md 6
20221003150363 20221005200242 zet/20221005200242/README.md 14
20221003150363 20221014190047 zet/20221014190047/README.md 4
20221003150364 20221005200242 zet/20221005200242/README.md 14
20221003150364 20221014190047 zet/20221014190047/README.md 4
20221003150369 20221005200242 zet/20221005200242/README.md 14
20221003150369 20221014190047 zet/20221014190047/README.md 4
20221003150370 20221003150368 zet/20221003150368/README.md 2
20221003150370 20221005200242 zet/20221005200242/README.md 14
20221003150370 20221014190047 zet/20221014190047/README.md 4
20221003150371 20221003150367 zet/20221003150367/README.md 4
20221003150371 20221003150449 zet/20221003150449/README.md 4
20221003150371 20221003151175 zet/20221003151175/README.md 17
20221003150371 20221005200242 zet/20221005200242/README.md 14
20221003150371 20221013185837 zet/20221013185837/README.md 5
20221003150371 20221014190047 zet/20221014190047/README.md 4
20221003150374 20221005200242 zet/20221005200242/README.md 14
20221003150374 20221014190047 zet/20221014190047/README.md 4
20221003150375 20221003150373 zet/20221003150373/README.md 7
20221003150375 20221005200242 zet/20221005200242/README.md 14
20221003150375 20221014190047 zet/20221014190047/README.md 4
20221003150376 20221005200242 zet/20221005200242/README.md 14
20221003150376 20221014190047 zet/20221014190047/README.md 4
20221003150378 20221005200242 zet/20221005200242/README.md 14
20221003150378 20221014190047 zet/20221014190047/README.md 4
20221003150379 20221005200242 zet/20221005200242/README.md 14
20221003150379 20221014190047 zet/20221014190047/README.md 4
20221003150380 20221003150377 zet/20221003150377/README.md 3
20221003150380 20221005200242 zet/20221005200242/README.md 14
20221003150380 20221014190047 zet/20221014190047/README.md 4
20221003150382 20221003150381 zet/20221003150381/README.md 3
20221003150382 20221005200242 zet/20221005200242/README.md 14
20221003150382 20221014190047 zet/20221014190047/README.md 4
20221003150383 20221005200242 zet/20221005200242/README.md 14
20221003150383 20221010064819 zet/20221010064819/README.md 31
20221003150383 20221014190047 zet/20221014190047/README.md 4
20221003150386 20221005200242 zet/20221005200242/README.md 14
20221003150386 20221014190047 zet/20221014190047/README.md 4
20221003150387 20221005200242 zet/20221005200242/README.md 14
20221003150387 20221014190047 zet/20221014190047/README.md 4
20221003150388 20221005200242 zet/20221005200242/README.md 14
20221003150388 20221014190047 zet/20221014190047/README.md 4
20221003150389 20221003150384 zet/20221003150384/README.md 3
20221003150389 20221003150385 zet/20221003150385/README.md 2
20221003150389 20221005200242 zet/20221005200242/README.md 14
20221003150389 20221014190047 zet/20221014190047/README.md 4
20221003150391 20221003150390 zet/20221003150390/README.md 2
20221003150391 20221005200242 zet/20221005200242/README.md 14
20221003150391 20221014190047 zet/20221014190047/README.md 4
20221003150419 20221003150251 zet/20221003150251/README.md 2
20221003150419 20221003150392 zet/20221003150392/README.md 29
20221003150419 20221005200242 zet/20221005200242/README.md 14
20221003150419 20221014190047 zet/20221014190047/README.md 4
20221003150421 20221003150425 zet/20221003150425/README.md 2
20221003150421 20221005200242 zet/20221005200242/README.md 14
20221003150421 20221007220451 zet/20221007220451/README.md 7
20221003150421 20221014190047 zet/20221014190047/README.md 4
20221003150422 20221003150425 zet/20221003150425/README.md 2
20221003150422 20221003150748 zet/20221003150748/README.md 6
20221003150422 20221005200242 zet/20221005200242/README.md 14
20221003150422 20221013035124 zet/20221013035124/README.md 4
20221003150422 20221014190047 zet/20221014190047/README.md 4
20221003150423 20221005200242 zet/20221005200242/README.md 14
20221003150423 20221014190047 zet/20221014190047/README.md 4
20221003150424 20221003150425 zet/20221003150425/README.md 2
20221003150424 20221005200242 zet/20221005200242/README.md 14
20221003150424 20221014190047 zet/20221014190047/README.md 4
20221003150424 20221019150132 zet/20221019150132/README.md 9
20221003150429 20221003150430 zet/20221003150430/README.md 5
20221003150429 20221005200242 zet/20221005200242/README.md 14
20221003150429 20221014190047 zet/20221014190047/README.md 4
20221003150433 20221003150427 zet/20221003150427/README.md 7
20221003150433 20221003150431 zet/20221003150431/README.md 3
20221003150433 20221003150432 zet/20221003150432/README.md 3
20221003150433 20221005200242 zet/20221005200242/README.md 14
20221003150433 20221008215325 zet/20221008215325/README.md 4
20221003150433 20221014190047 zet/20221014190047/README.md 4
20221003150448 20221003150447 zet/20221003150447/README.md 4
20221003150448 20221005200242 zet/20221005200242/README.md 14
20221003150448 20221014190045 zet/20221014190045/README.md 4
20221003150452 20221005200242 zet/20221005200242/README.md 14
20221003150452 20221014190045 zet/20221014190045/README.md 4
20221003150453 20221003150451 zet/20221003150451/README.md 7
20221003150453 20221005200242 zet/20221005200242/README.md 14
20221003150453 20221012153843 zet/20221012153843/README.md 14
20221003150453 20221014190045 zet/20221014190045/README.md 4
20221003150454 20221005200242 zet/20221005200242/README.md 14
20221003150454 20221012153843 zet/20221012153843/README.md 14
20221003150454 20221012154059 zet/20221012154059/README.md 8
20221003150454 20221014190045 zet/20221014190045/README.md 4
20221003150469 20221003150467 zet/20221003150467/README.md 5
20221003150469 20221003150468 zet/20221003150468/README.md 5
20221003150469 20221005200242 zet/20221005200242/README.md 14
20221003150469 20221009005402 zet/20221009005402/README.md 4
20221003150469 20221013222124 zet/20221013222124/README.md 4
20221003150469 20221014142356 zet/20221014142356/README.md 4
20221003150469 20221014190039 zet/20221014190039/README.md 4
20221003150475 20221003150472 zet/20221003150472/README.md 6
20221003150475 20221003150473 zet/20221003150473/README.md 7
20221003150475 20221003150474 zet/20221003150474/README.md 9
20221003150475 20221005200242 zet/20221005200242/README.md 14
20221003150475 20221009005402 zet/20221009005402/README.md 4
20221003150475 20221013222124 zet/20221013222124/README.md 4
20221003150475 20221014190039 zet/20221014190039/README.md 4
20221003150476 20221003150466 zet/20221003150466/README.md 4
20221003150476 20221003150470 zet/20221003150470/README.md 8
20221003150476 20221003150479 zet/20221003150479/README.md 4
20221003150476 20221003150480 zet/20221003150480/README.md 4
20221003150476 20221003150481 zet/20221003150481/README.md 4
20221003150476 20221003150485 zet/20221003150485/README.md 13
20221003150476 20221003150486 zet/20221003150486/README.md 4
20221003150476 20221003150487 zet/20221003150487/README.md 4
20221003150476 20221005200242 zet/20221005200242/README.md 14
20221003150476 20221006214729 zet/20221006214729/README.md 5
20221003150476 20221009005402 zet/20221009005402/README.md 4
20221003150476 20221013222124 zet/20221013222124/README.md 4
20221003150476 20221014142356 zet/20221014142356/README.md 4
20221003150476 20221014190039 zet/20221014190039/README.md 4
20221003150483 20221003150484 zet/20221003150484/README.md 7
20221003150483 20221005200242 zet/20221005200242/README.md 14
20221003150483 20221007062330 zet/20221007062330/README.md 4
20221003150483 20221008042814 zet/20221008042814/README.md 2
20221003150483 20221009005402 zet/20221009005402/README.md 4
20221003150483 20221013035124 zet/20221013035124/README.md 4
20221003150483 20221014190037 zet/20221014190037/README.md 5
20221003150488 20221003150486 zet/20221003150486/README.md 4
20221003150488 20221003150487 zet/20221003150487/README.md 4
20221003150488 20221003150628 zet/20221003150628/README.md 6
20221003150488 20221003151172 zet/20221003151172/README.md 83
20221003150488 20221003151201 zet/20221003151201/README.md 4
20221003150488 20221003151218 zet/20221003151218/README.md 5
20221003150488 20221003151241 zet/20221003151241/README.md 5
20221003150488 20221005200242 zet/20221005200242/README.md 14
20221003150488 20221006214729 zet/20221006214729/README.md 5
20221003150488 20221007220451 zet/20221007220451/README.md 7
20221003150488 20221008215530 zet/20221008215530/README.md 5
20221003150488 20221009001740 zet/20221009001740/README.md 3
20221003150488 20221009005402 zet/20221009005402/README.md 4
20221003150488 20221011092959 zet/20221011092959/README.md 4
20221003150488 20221013185656 zet/20221013185656/README.md 4
20221003150488 20221014190037 zet/20221014190037/README.md 5
20221003150490 20221003150489 zet/20221003150489/README.md 13
20221003150490 20221005200242 zet/20221005200242/README.md 14
20221003150490 20221008221822 zet/20221008221822/README.md 3
20221003150490 20221014190036 zet/20221014190036/README.md 4
20221003150490 20221014213613 zet/20221014213613/README.md 4
20221003150491 20221005200242 zet/20221005200242/README.md 14
20221003150491 20221008221822 zet/20221008221822/README.md 3
20221003150491 20221014190036 zet/20221014190036/README.md 4
20221003150491 20221014213559 zet/20221014213559/README.md 4
20221003150491 20221014213613 zet/20221014213613/README.md 4
20221003150503 20221003150501 zet/20221003150501/README.md 7
20221003150503 20221003150502 zet/20221003150502/README.md 5
20221003150503 20221003150515 zet/20221003150515/README.md 3
20221003150503 20221003150518 zet/20221003150518/README.md 13
20221003150503 20221003150523 zet/20221003150523/README.md 3
20221003150503 20221005200242 zet/20221005200242/README.md 14
20221003150503 20221009005402 zet/20221009005402/README.md 4
20221003150503 20221014190022 zet/20221014190022/README.md 4
20221003150507 20221003150505 zet/20221003150505/README.md 5
20221003150507 20221003150506 zet/20221003150506/README.md 4
20221003150507 20221005200242 zet/20221005200242/README.md 14
20221003150507 20221009005402 zet/20221009005402/README.md 4
20221003150507 20221013222124 zet/20221013222124/README.md 4
20221003150507 20221014142356 zet/20221014142356/README.md 4
20221003150507 20221014190021 zet/20221014190021/README.md 4
20221003150508 20221003150504 zet/20221003150504/README.md 4
20221003150508 20221005200242 zet/20221005200242/README.md 14
20221003150508 20221009005402 zet/20221009005402/README.md 4
20221003150508 20221013222124 zet/20221013222124/README.md 4
20221003150508 20221014142356 zet/20221014142356/README.md 4
20221003150508 20221014190021 zet/20221014190021/README.md 4
20221003150509 20221003150515 zet/20221003150515/README.md 3
20221003150509 20221003150518 zet/20221003150518/README.md 13
20221003150509 20221003150523 zet/20221003150523/README.md 3
20221003150509 20221003150527 zet/20221003150527/README.md 5
20221003150509 20221005200242 zet/20221005200242/README.md 14
20221003150509 20221009005402 zet/20221009005402/README.md 4
20221003150509 20221013222124 zet/20221013222124/README.md 4
20221003150509 20221014142356 zet/20221014142356/README.md 4
20221003150509 20221014190021 zet/20221014190021/README.md 4
20221003150509 20221015005745 zet/20221015005745/README.md 5
20221003150511 20221003150510 zet/20221003150510/README.md 4
20221003150511 20221005200242 zet/20221005200242/README.md 14
20221003150511 20221009005402 zet/20221009005402/README.md 4
20221003150511 20221013222124 zet/20221013222124/README.md 4
20221003150511 20221014142356 zet/20221014142356/README.md 4
20221003150511 20221014190019 zet/20221014190019/README.md 4
20221003150512 20221003150515 zet/20221003150515/README.md 3
20221003150512 20221003150518 zet/20221003150518/README.md 13
20221003150512 20221003150523 zet/20221003150523/README.md 3
20221003150512 20221005200242 zet/20221005200242/README.md 14
20221003150512 20221013222124 zet/20221013222124/README.md 4
20221003150512 20221014142356 zet/20221014142356/README.md 4
20221003150512 20221014190019 zet/20221014190019/README.md 4
20221003150517 20221003150192 zet/20221003150192/README.md 10
20221003150517 20221003150330 zet/20221003150330/README.md 5
20221003150517 20221003150516 zet/20221003150516/README.md 6
20221003150517 20221003151213 zet/20221003151213/README.md 7
20221003150517 20221005200242 zet/20221005200242/README.md 14
20221003150517 20221009005402 zet/20221009005402/README.md 4
20221003150517 20221014190016 zet/20221014190016/README.md 4
20221003150522 20221003150520 zet/20221003150520/README.md 5
20221003150522 20221003150521 zet/20221003150521/README.md 4
20221003150522 20221005200242 zet/20221005200242/README.md 14
20221003150522 20221014190013 zet/20221014190013/README.md 4
20221003150525 20221003150524 zet/20221003150524/README.md 4
20221003150525 20221005200242 zet/20221005200242/README.md 14
20221003150525 20221014190010 zet/20221014190010/README.md 4
20221003150529 20221003150528 zet/20221003150528/README.md 4
20221003150529 20221005200242 zet/20221005200242/README.md 14
20221003150529 20221008081231 zet/20221008081231/README.md 4
20221003150529 20221014190005 zet/20221014190005/README.md 4
20221003150535 20221003150533 zet/20221003150533/README.md 5
20221003150535 20221003150534 zet/20221003150534/README.md 4
20221003150535 20221005200242 zet/20221005200242/README.md 14
20221003150535 20221014190002 zet/20221014190002/README.md 4
20221003150537 20221003150536 zet/20221003150536/README.md 4
20221003150537 20221005200242 zet/20221005200242/README.md 14
20221003150537 20221007220451 zet/20221007220451/README.md 7
20221003150537 20221008081231 zet/20221008081231/README.md 4
20221003150537 20221014190002 zet/20221014190002/README.md 4
20221003150539 20221003150538 zet/20221003150538/README.md 2
20221003150539 20221005200242 zet/20221005200242/README.md 14
20221003150539 20221009005402 zet/20221009005402/README.md 4
20221003150539 20221014190002 zet/20221014190002/README.md 4
20221003150543 20221003150540 zet/20221003150540/README.md 8
20221003150543 20221003150541 zet/20221003150541/README.md 5
20221003150543 20221003150542 zet/20221003150542/README.md 4
20221003150543 20221005200242 zet/20221005200242/README.md 14
20221003150543 20221009005402 zet/20221009005402/README.md 4
20221003150543 20221014190002 zet/20221014190002/README.md 4
20221003150545 20221003150544 zet/20221003150544/README.md 6
20221003150545 20221005200242 zet/20221005200242/README.md 14
20221003150545 20221009005402 zet/20221009005402/README.md 4
20221003150545 20221014190002 zet/20221014190002/README.md 4
20221003150548 20221003150547 zet/20221003150547/README.md 6
20221003150548 20221005200242 zet/20221005200242/README.md 14
20221003150548 20221009005402 zet/20221009005402/README.md 4
20221003150548 20221013175128 zet/20221013175128/README.md 4
20221003150548 20221014190002 zet/20221014190002/README.md 4
20221003150553 20221003150552 zet/20221003150552/README.md 5
20221003150553 20221003150559 zet/20221003150559/README.md 4
20221003150553 20221005200242 zet/20221005200242/README.md 14
20221003150553 20221014190001 zet/20221014190001/README.md 4
20221003150573 20221003150572 zet/20221003150572/README.md 11
20221003150573 20221005200242 zet/20221005200242/README.md 14
20221003150573 20221014185958 zet/20221014185958/README.md 4
20221003150575 20221003150574 zet/20221003150574/README.md 4
20221003150575 20221005200242 zet/20221005200242/README.md 14
20221003150575 20221014185958 zet/20221014185958/README.md 4
20221003150576 20221005200242 zet/20221005200242/README.md 14
20221003150576 20221008042814 zet/20221008042814/README.md 2
20221003150576 20221009005402 zet/20221009005402/README.md 4
20221003150576 20221014185958 zet/20221014185958/README.md 4
20221003150584 20221003150583 zet/20221003150583/README.md 5
20221003150584 20221003150590 zet/20221003150590/README.md 6
20221003150584 20221005200242 zet/20221005200242/README.md 14
20221003150584 20221014185953 zet/20221014185953/README.md 4
20221003150592 20221003150240 zet/20221003150240/README.md 2
20221003150592 20221003150557 zet/20221003150557/README.md 2
20221003150592 20221003150559 zet/20221003150559/README.md 4
20221003150592 20221003150571 zet/20221003150571/README.md 3
20221003150592 20221003150590 zet/20221003150590/README.md 6
20221003150592 20221003150591 zet/20221003150591/README.md 4
20221003150592 20221005200242 zet/20221005200242/README.md 14
20221003150592 20221009005402 zet/20221009005402/README.md 4
20221003150592 20221014185953 zet/20221014185953/README.md 4
20221003150594 20221003150593 zet/20221003150593/README.md 4
20221003150594 20221005200242 zet/20221005200242/README.md 14
20221003150594 20221014185952 zet/20221014185952/README.md 4
20221003150614 20221003150612 zet/20221003150612/README.md 9
20221003150614 20221003150613 zet/20221003150613/README.md 5
20221003150614 20221005200242 zet/20221005200242/README.md 14
20221003150614 20221009005402 zet/20221009005402/README.md 4
20221003150614 20221014185947 zet/20221014185947/README.md 4
20221003150620 20221005200242 zet/20221005200242/README.md 14
20221003150620 20221014185946 zet/20221014185946/README.md 4
20221003150623 20221003150615 zet/20221003150615/README.md 4
20221003150623 20221003150616 zet/20221003150616/README.md 9
20221003150623 20221003150617 zet/20221003150617/README.md 4
20221003150623 20221003150618 zet/20221003150618/README.md 4
20221003150623 20221003150619 zet/20221003150619/README.md 4
20221003150623 20221003150621 zet/20221003150621/README.md 14
20221003150623 20221003150622 zet/20221003150622/README.md 4
20221003150623 20221003151179 zet/20221003151179/README.md 8
20221003150623 20221005200242 zet/20221005200242/README.md 14
20221003150623 20221008212802 zet/20221008212802/README.md 2
20221003150623 20221014185946 zet/20221014185946/README.md 4
20221003150625 20221003150624 zet/20221003150624/README.md 5
20221003150625 20221005200242 zet/20221005200242/README.md 14
20221003150625 20221014185944 zet/20221014185944/README.md 4
20221003150629 20221003150627 zet/20221003150627/README.md 9
20221003150629 20221003150628 zet/20221003150628/README.md 6
20221003150629 20221005200242 zet/20221005200242/README.md 14
20221003150629 20221013173355 zet/20221013173355/README.md 4
20221003150629 20221014185944 zet/20221014185944/README.md 4
20221003150630 20221003150358 zet/20221003150358/README.md 2
20221003150630 20221005200242 zet/20221005200242/README.md 14
20221003150630 20221013173355 zet/20221013173355/README.md 4
20221003150630 20221014185944 zet/20221014185944/README.md 4
20221003150634 20221003150633 zet/20221003150633/README.md 4
20221003150634 20221005200242 zet/20221005200242/README.md 14
20221003150634 20221013173355 zet/20221013173355/README.md 4
20221003150634 20221014185940 zet/20221014185940/README.md 4
20221003150635 20221005200242 zet/20221005200242/README.md 14
20221003150635 20221014185940 zet/20221014185940/README.md 4
20221003150638 20221003150637 zet/20221003150637/README.md 4
20221003150638 20221005200242 zet/20221005200242/README.md 14
20221003150638 20221014185938 zet/20221014185938/README.md 4
20221003150646 20221003150647 zet/20221003150647/README.md 8
20221003150646 20221005200242 zet/20221005200242/README.md 14
20221003150646 20221014185938 zet/20221014185938/README.md 4
20221003150648 20221003150117 zet/20221003150117/README.md 16
20221003150648 20221003150636 zet/20221003150636/README.md 4
20221003150648 20221003150639 zet/20221003150639/README.md 4
20221003150648 20221003150640 zet/20221003150640/README.md 4
20221003150648 20221003150641 zet/20221003150641/README.md 4
20221003150648 20221003150642 zet/20221003150642/README.md 4
20221003150648 20221003150644 zet/20221003150644/README.md 4
20221003150648 20221003150647 zet/20221003150647/README.md 8
20221003150648 20221003151016 zet/20221003151016/README.md 5
20221003150648 20221003151258 zet/20221003151258/README.md 9
20221003150648 20221005200242 zet/20221005200242/README.md 14
20221003150648 20221014185938 zet/20221014185938/README.md 4
20221003150648 20221017180938 zet/20221017180938/README.md 4
20221003150650 20221003150649 zet/20221003150649/README.md 4
20221003150650 20221005200242 zet/20221005200242/README.md 14
20221003150650 20221014185936 zet/20221014185936/README.md 4
20221003150651 20221005200242 zet/20221005200242/README.md 14
20221003150651 20221006033248 zet/20221006033248/README.md 8
20221003150651 20221010142810 zet/20221010142810/README.md 180
20221003150651 20221014185936 zet/20221014185936/README.md 4
20221003150659 20221003150652 zet/20221003150652/README.md 5
20221003150659 20221003150653 zet/20221003150653/README.md 5
20221003150659 20221003150654 zet/20221003150654/README.md 5
20221003150659 20221003150655 zet/20221003150655/README.md 4
20221003150659 20221003150656 zet/20221003150656/README.md 2
20221003150659 20221003150657 zet/20221003150657/README.md 5
20221003150659 20221003150658 zet/20221003150658/README.md 7
20221003150659 20221003150812 zet/20221003150812/README.md 5
20221003150659 20221003151237 zet/20221003151237/README.md 4
20221003150659 20221005200242 zet/20221005200242/README.md 14
20221003150659 20221008212802 zet/20221008212802/README.md 2
20221003150659 20221014185935 zet/20221014185935/README.md 4
20221003150659 20221017180938 zet/20221017180938/README.md 4
20221003150662 20221003150192 zet/20221003150192/README.md 10
20221003150662 20221003150294 zet/20221003150294/README.md 4
20221003150662 20221003150330 zet/20221003150330/README.md 5
20221003150662 20221003150660 zet/20221003150660/README.md 4
20221003150662 20221003150661 zet/20221003150661/README.md 6
20221003150662 20221003151175 zet/20221003151175/README.md 17
20221003150662 20221003151300 zet/20221003151300/README.md 4
20221003150662 20221005200242 zet/20221005200242/README.md 14
20221003150662 20221007181438 zet/20221007181438/README.md 12
20221003150662 20221008050923 zet/20221008050923/README.md 16
20221003150662 20221008195148 zet/20221008195148/README.md 8
20221003150662 20221012153512 zet/20221012153512/README.md 5
20221003150662 20221014185933 zet/20221014185933/README.md 4
20221003150662 20221017172946 zet/20221017172946/README.md 4
20221003150662 20221019143615 zet/20221019143615/README.md 4
20221003150671 20221003150673 zet/20221003150673/README.md 11
20221003150671 20221005200242 zet/20221005200242/README.md 14
20221003150671 20221009005402 zet/20221009005402/README.md 4
20221003150671 20221014185929 zet/20221014185929/README.md 4
20221003150683 20221003150682 zet/20221003150682/README.md 4
20221003150683 20221003150874 zet/20221003150874/README.md 4
20221003150683 20221003151241 zet/20221003151241/README.md 5
20221003150683 20221005200242 zet/20221005200242/README.md 14
20221003150683 20221007220451 zet/20221007220451/README.md 7
20221003150683 20221009001740 zet/20221009001740/README.md 3
20221003150683 20221009005402 zet/20221009005402/README.md 4
20221003150683 20221014185924 zet/20221014185924/README.md 4
20221003150689 20221005200242 zet/20221005200242/README.md 14
20221003150689 20221014185921 zet/20221014185921/README.md 4
20221003150690 20221005200242 zet/20221005200242/README.md 14
20221003150690 20221014185921 zet/20221014185921/README.md 4
20221003150691 20221005200242 zet/20221005200242/README.md 14
20221003150691 20221014185921 zet/20221014185921/README.md 4
20221003150692 20221005200242 zet/20221005200242/README.md 14
20221003150692 20221014185921 zet/20221014185921/README.md 4
20221003150693 20221003150687 zet/20221003150687/README.md 4
20221003150693 20221003150688 zet/20221003150688/README.md 4
20221003150693 20221003151188 zet/20221003151188/README.md 9
20221003150693 20221005200242 zet/20221005200242/README.md 14
20221003150693 20221014185921 zet/20221014185921/README.md 4
20221003150694 20221003150686 zet/20221003150686/README.md 5
20221003150694 20221005200242 zet/20221005200242/README.md 14
20221003150694 20221008213825 zet/20221008213825/README.md 15
20221003150694 20221013035124 zet/20221013035124/README.md 4
20221003150694 20221014185921 zet/20221014185921/README.md 4
20221003150694 20221017180938 zet/20221017180938/README.md 4
20221003150709 20221003150699 zet/20221003150699/README.md 4
20221003150709 20221003150700 zet/20221003150700/README.md 4
20221003150709 20221003150701 zet/20221003150701/README.md 4
20221003150709 20221003150702 zet/20221003150702/README.md 4
20221003150709 20221003150703 zet/20221003150703/README.md 4
20221003150709 20221003150704 zet/20221003150704/README.md 2
20221003150709 20221003150706 zet/20221003150706/README.md 3
20221003150709 20221003150707 zet/20221003150707/README.md 3
20221003150709 20221003150708 zet/20221003150708/README.md 2
20221003150709 20221003151184 zet/20221003151184/README.md 22
20221003150709 20221003151186 zet/20221003151186/README.md 17
20221003150709 20221003151192 zet/20221003151192/README.md 48
20221003150709 20221005200242 zet/20221005200242/README.md 14
20221003150709 20221009014200 zet/20221009014200/README.md 2
20221003150709 20221014185918 zet/20221014185918/README.md 4
20221003150709 20221017180938 zet/20221017180938/README.md 4
20221003150714 20221003150712 zet/20221003150712/README.md 4
20221003150714 20221003150713 zet/20221003150713/README.md 4
20221003150714 20221005200242 zet/20221005200242/README.md 14
20221003150714 20221014185917 zet/20221014185917/README.md 4
20221003150716 20221003150294 zet/20221003150294/README.md 4
20221003150716 20221003150631 zet/20221003150631/README.md 7
20221003150716 20221003150715 zet/20221003150715/README.md 4
20221003150716 20221003150717 zet/20221003150717/README.md 5
20221003150716 20221005200242 zet/20221005200242/README.md 14
20221003150716 20221014185917 zet/20221014185917/README.md 4
20221003150716 20221017172946 zet/20221017172946/README.md 4
20221003150720 20221003150718 zet/20221003150718/README.md 5
20221003150720 20221003150719 zet/20221003150719/README.md 7
20221003150720 20221005200242 zet/20221005200242/README.md 14
20221003150720 20221009014200 zet/20221009014200/README.md 2
20221003150720 20221014185915 zet/20221014185915/README.md 4
20221003150730 20221003150463 zet/20221003150463/README.md 4
20221003150730 20221003150464 zet/20221003150464/README.md 4
20221003150730 20221003150482 zet/20221003150482/README.md 4
20221003150730 20221003150486 zet/20221003150486/README.md 4
20221003150730 20221003150487 zet/20221003150487/README.md 4
20221003150730 20221003150728 zet/20221003150728/README.md 7
20221003150730 20221003150729 zet/20221003150729/README.md 8
20221003150730 20221005200242 zet/20221005200242/README.md 14
20221003150730 20221006214729 zet/20221006214729/README.md 5
20221003150730 20221009005402 zet/20221009005402/README.md 4
20221003150730 20221014185911 zet/20221014185911/README.md 4
20221003150750 20221003150425 zet/20221003150425/README.md 2
20221003150750 20221003150749 zet/20221003150749/README.md 6
20221003150750 20221005200242 zet/20221005200242/README.md 14
20221003150750 20221009005402 zet/20221009005402/README.md 4
20221003150750 20221014185905 zet/20221014185905/README.md 5
20221003150750 20221019150132 zet/20221019150132/README.md 9
20221003150755 20221003150754 zet/20221003150754/README.md 4
20221003150755 20221005200242 zet/20221005200242/README.md 14
20221003150755 20221014185903 zet/20221014185903/README.md 4
20221003150757 20221003150756 zet/20221003150756/README.md 4
20221003150757 20221005200242 zet/20221005200242/README.md 14
20221003150757 20221013222124 zet/20221013222124/README.md 4
20221003150757 20221014142356 zet/20221014142356/README.md 4
20221003150757 20221014185901 zet/20221014185901/README.md 4
20221003150765 20221003150761 zet/20221003150761/README.md 4
20221003150765 20221003150762 zet/20221003150762/README.md 4
20221003150765 20221003150763 zet/20221003150763/README.md 4
20221003150765 20221003150764 zet/20221003150764/README.md 4
20221003150765 20221005200242 zet/20221005200242/README.md 14
20221003150765 20221014185901 zet/20221014185901/README.md 4
20221003150766 20221005200242 zet/20221005200242/README.md 14
20221003150766 20221007220451 zet/20221007220451/README.md 7
20221003150766 20221009005402 zet/20221009005402/README.md 4
20221003150766 20221014185901 zet/20221014185901/README.md 4
20221003150771 20221003150767 zet/20221003150767/README.md 4
20221003150771 20221003150768 zet/20221003150768/README.md 4
20221003150771 20221003150769 zet/20221003150769/README.md 4
20221003150771 20221003150770 zet/20221003150770/README.md 4
20221003150771 20221005200242 zet/20221005200242/README.md 14
20221003150771 20221014185901 zet/20221014185901/README.md 4
20221003150775 20221003150527 zet/20221003150527/README.md 5
20221003150775 20221003150773 zet/20221003150773/README.md 4
20221003150775 20221003150774 zet/20221003150774/README.md 4
20221003150775 20221005200242 zet/20221005200242/README.md 14
20221003150775 20221014185901 zet/20221014185901/README.md 4
20221003150776 20221005200242 zet/20221005200242/README.md 14
20221003150776 20221014185901 zet/20221014185901/README.md 4
20221003150777 20221003150527 zet/20221003150527/README.md 5
20221003150777 20221003150758 zet/20221003150758/README.md 4
20221003150777 20221003150760 zet/20221003150760/README.md 4
20221003150777 20221005200242 zet/20221005200242/README.md 14
20221003150777 20221013175128 zet/20221013175128/README.md 4
20221003150777 20221014185901 zet/20221014185901/README.md 4
20221003150777 20221017180938 zet/20221017180938/README.md 4
20221003150780 20221003150779 zet/20221003150779/README.md 4
20221003150780 20221005200242 zet/20221005200242/README.md 14
20221003150780 20221014185900 zet/20221014185900/README.md 4
20221003150791 20221003150251 zet/20221003150251/README.md 2
20221003150791 20221003150262 zet/20221003150262/README.md 8
20221003150791 20221003150271 zet/20221003150271/README.md 12
20221003150791 20221003150332 zet/20221003150332/README.md 2
20221003150791 20221003150459 zet/20221003150459/README.md 80
20221003150791 20221003150724 zet/20221003150724/README.md 4
20221003150791 20221003150726 zet/20221003150726/README.md 5
20221003150791 20221003150787 zet/20221003150787/README.md 4
20221003150791 20221003150788 zet/20221003150788/README.md 7
20221003150791 20221003150789 zet/20221003150789/README.md 5
20221003150791 20221003150790 zet/20221003150790/README.md 4
20221003150791 20221005200242 zet/20221005200242/README.md 14
20221003150791 20221008042814 zet/20221008042814/README.md 2
20221003150791 20221008212802 zet/20221008212802/README.md 2
20221003150791 20221009014200 zet/20221009014200/README.md 2
20221003150791 20221014185857 zet/20221014185857/README.md 4
20221003150794 20221003150792 zet/20221003150792/README.md 6
20221003150794 20221003150793 zet/20221003150793/README.md 8
20221003150794 20221005200242 zet/20221005200242/README.md 14
20221003150794 20221014185855 zet/20221014185855/README.md 4
20221003150796 20221003150795 zet/20221003150795/README.md 6
20221003150796 20221005200242 zet/20221005200242/README.md 14
20221003150796 20221014185855 zet/20221014185855/README.md 4
20221003150801 20221003150271 zet/20221003150271/README.md 12
20221003150801 20221003150330 zet/20221003150330/README.md 5
20221003150801 20221003150332 zet/20221003150332/README.md 2
20221003150801 20221003150726 zet/20221003150726/README.md 5
20221003150801 20221003150799 zet/20221003150799/README.md 4
20221003150801 20221003150800 zet/20221003150800/README.md 4
20221003150801 20221005200242 zet/20221005200242/README.md 14
20221003150801 20221014185852 zet/20221014185852/README.md 4
20221003150807 20221003150744 zet/20221003150744/README.md 6
20221003150807 20221003150804 zet/20221003150804/README.md 11
20221003150807 20221003150805 zet/20221003150805/README.md 4
20221003150807 20221003150806 zet/20221003150806/README.md 4
20221003150807 20221005200242 zet/20221005200242/README.md 14
20221003150807 20221009005402 zet/20221009005402/README.md 4
20221003150807 20221014185851 zet/20221014185851/README.md 4
20221003150807 20221017182053 zet/20221017182053/README.md 4
20221003150815 20221005200242 zet/20221005200242/README.md 14
20221003150815 20221014185848 zet/20221014185848/README.md 4
20221003150816 20221003150814 zet/20221003150814/README.md 6
20221003150816 20221005200242 zet/20221005200242/README.md 14
20221003150816 20221014185848 zet/20221014185848/README.md 4
20221003150816 20221017180938 zet/20221017180938/README.md 4
20221003150819 20221003150817 zet/20221003150817/README.md 4
20221003150819 20221003150818 zet/20221003150818/README.md 4
20221003150819 20221003151149 zet/20221003151149/README.md 3
20221003150819 20221005200242 zet/20221005200242/README.md 14
20221003150819 20221014185848 zet/20221014185848/README.md 4
20221003150819 20221017180938 zet/20221017180938/README.md 4
20221003150819 20221017182222 zet/20221017182222/README.md 4
20221003150822 20221003150820 zet/20221003150820/README.md 4
20221003150822 20221003150821 zet/20221003150821/README.md 4
20221003150822 20221003151179 zet/20221003151179/README.md 8
20221003150822 20221005200242 zet/20221005200242/README.md 14
20221003150822 20221007220451 zet/20221007220451/README.md 7
20221003150822 20221009005402 zet/20221009005402/README.md 4
20221003150822 20221014185846 zet/20221014185846/README.md 4
20221003150822 20221017182053 zet/20221017182053/README.md 4
20221003150829 20221003150827 zet/20221003150827/README.md 5
20221003150829 20221003150828 zet/20221003150828/README.md 4
20221003150829 20221003150830 zet/20221003150830/README.md 2
20221003150829 20221003151204 zet/20221003151204/README.md 24
20221003150829 20221005200242 zet/20221005200242/README.md 14
20221003150829 20221009005402 zet/20221009005402/README.md 4
20221003150829 20221012153512 zet/20221012153512/README.md 5
20221003150829 20221013173355 zet/20221013173355/README.md 4
20221003150829 20221014185843 zet/20221014185843/README.md 4
20221003150833 20221003150832 zet/20221003150832/README.md 7
20221003150833 20221005200242 zet/20221005200242/README.md 14
20221003150833 20221014185840 zet/20221014185840/README.md 4
20221003150833 20221017172946 zet/20221017172946/README.md 4
20221003150851 20221003150850 zet/20221003150850/README.md 10
20221003150851 20221005200242 zet/20221005200242/README.md 14
20221003150851 20221014185831 zet/20221014185831/README.md 4
20221003150855 20221003150852 zet/20221003150852/README.md 4
20221003150855 20221003150853 zet/20221003150853/README.md 4
20221003150855 20221003150854 zet/20221003150854/README.md 4
20221003150855 20221003151195 zet/20221003151195/README.md 7
20221003150855 20221003151238 zet/20221003151238/README.md 3
20221003150855 20221005200242 zet/20221005200242/README.md 14
20221003150855 20221014185831 zet/20221014185831/README.md 4
20221003150857 20221003150856 zet/20221003150856/README.md 4
20221003150857 20221005200242 zet/20221005200242/README.md 14
20221003150857 20221009005402 zet/20221009005402/README.md 4
20221003150857 20221014185829 zet/20221014185829/README.md 4
20221003150857 20221020000848 zet/20221020000848/README.md 4
20221003150859 20221003150860 zet/20221003150860/README.md 2
20221003150859 20221003151174 zet/20221003151174/README.md 14
20221003150859 20221005200242 zet/20221005200242/README.md 14
20221003150859 20221009005402 zet/20221009005402/README.md 4
20221003150859 20221014185829 zet/20221014185829/README.md 4
20221003150859 20221020000848 zet/20221020000848/README.md 4
20221003150862 20221003150118 zet/20221003150118/README.md 2
20221003150862 20221003150727 zet/20221003150727/README.md 4
20221003150862 20221003150858 zet/20221003150858/README.md 4
20221003150862 20221003150860 zet/20221003150860/README.md 2
20221003150862 20221003150861 zet/20221003150861/README.md 2
20221003150862 20221003151174 zet/20221003151174/README.md 14
20221003150862 20221005200242 zet/20221005200242/README.md 14
20221003150862 20221009014200 zet/20221009014200/README.md 2
20221003150862 20221013222124 zet/20221013222124/README.md 4
20221003150862 20221014164014 zet/20221014164014/README.md 4
20221003150862 20221014185829 zet/20221014185829/README.md 4
20221003150862 20221020000848 zet/20221020000848/README.md 4
20221003150865 20221003150291 zet/20221003150291/README.md 3
20221003150865 20221003150864 zet/20221003150864/README.md 6
20221003150865 20221005200242 zet/20221005200242/README.md 14
20221003150865 20221014185826 zet/20221014185826/README.md 4
20221003150866 20221003150291 zet/20221003150291/README.md 3
20221003150866 20221005200242 zet/20221005200242/README.md 14
20221003150866 20221014185826 zet/20221014185826/README.md 4
20221003150873 20221003150565 zet/20221003150565/README.md 4
20221003150873 20221003150872 zet/20221003150872/README.md 4
20221003150873 20221005200242 zet/20221005200242/README.md 14
20221003150873 20221009005402 zet/20221009005402/README.md 4
20221003150873 20221014185823 zet/20221014185823/README.md 4
20221003150876 20221003150875 zet/20221003150875/README.md 4
20221003150876 20221005200242 zet/20221005200242/README.md 14
20221003150876 20221014185820 zet/20221014185820/README.md 4
20221003150884 20221003150883 zet/20221003150883/README.md 3
20221003150884 20221005200242 zet/20221005200242/README.md 14
20221003150884 20221007220451 zet/20221007220451/README.md 7
20221003150884 20221008213254 zet/20221008213254/README.md 4
20221003150884 20221009005402 zet/20221009005402/README.md 4
20221003150884 20221014185813 zet/20221014185813/README.md 4
20221003150890 20221003150880 zet/20221003150880/README.md 5
20221003150890 20221003150885 zet/20221003150885/README.md 11
20221003150890 20221003150886 zet/20221003150886/README.md 14
20221003150890 20221003150887 zet/20221003150887/README.md 4
20221003150890 20221003150888 zet/20221003150888/README.md 2
20221003150890 20221003150889 zet/20221003150889/README.md 2
20221003150890 20221005200242 zet/20221005200242/README.md 14
20221003150890 20221009015558 zet/20221009015558/README.md 2
20221003150890 20221010142810 zet/20221010142810/README.md 180
20221003150890 20221013190422 zet/20221013190422/README.md 7
20221003150890 20221014185811 zet/20221014185811/README.md 4
20221003150901 20221003150897 zet/20221003150897/README.md 4
20221003150901 20221003150898 zet/20221003150898/README.md 4
20221003150901 20221003150899 zet/20221003150899/README.md 5
20221003150901 20221003150900 zet/20221003150900/README.md 4
20221003150901 20221003150920 zet/20221003150920/README.md 7
20221003150901 20221005200242 zet/20221005200242/README.md 14
20221003150901 20221009005402 zet/20221009005402/README.md 4
20221003150901 20221014185808 zet/20221014185808/README.md 4
20221003150907 20221003150905 zet/20221003150905/README.md 5
20221003150907 20221003150906 zet/20221003150906/README.md 6
20221003150907 20221003150920 zet/20221003150920/README.md 7
20221003150907 20221005200242 zet/20221005200242/README.md 14
20221003150907 20221009005402 zet/20221009005402/README.md 4
20221003150907 20221014185808 zet/20221014185808/README.md 4
20221003150942 20221003150940 zet/20221003150940/README.md 17
20221003150942 20221003150941 zet/20221003150941/README.md 4
20221003150942 20221003151339 zet/20221003151339/README.md 4
20221003150942 20221005200242 zet/20221005200242/README.md 14
20221003150942 20221009005402 zet/20221009005402/README.md 4
20221003150942 20221014185754 zet/20221014185754/README.md 4
20221003150942 20221014190123 zet/20221014190123/README.md 4
20221003150942 20221015005557 zet/20221015005557/README.md 4
20221003150942 20221015005745 zet/20221015005745/README.md 5
20221003150946 20221003150315 zet/20221003150315/README.md 2
20221003150946 20221003150943 zet/20221003150943/README.md 7
20221003150946 20221003150944 zet/20221003150944/README.md 2
20221003150946 20221003150945 zet/20221003150945/README.md 3
20221003150946 20221003151221 zet/20221003151221/README.md 4
20221003150946 20221003151339 zet/20221003151339/README.md 4
20221003150946 20221003151408 zet/20221003151408/README.md 65
20221003150946 20221005200242 zet/20221005200242/README.md 14
20221003150946 20221007023939 zet/20221007023939/README.md 8
20221003150946 20221007043259 zet/20221007043259/README.md 90
20221003150946 20221008212000 zet/20221008212000/README.md 2
20221003150946 20221008212519 zet/20221008212519/README.md 2
20221003150946 20221009005402 zet/20221009005402/README.md 4
20221003150946 20221009032056 zet/20221009032056/README.md 4
20221003150946 20221014074726 zet/20221014074726/README.md 11
20221003150946 20221014185753 zet/20221014185753/README.md 4
20221003150946 20221015004120 zet/20221015004120/README.md 30
20221003150946 20221015004252 zet/20221015004252/README.md 4
20221003150946 20221015005535 zet/20221015005535/README.md 5
20221003150946 20221015005557 zet/20221015005557/README.md 4
20221003150946 20221015005745 zet/20221015005745/README.md 5
20221003150949 20221003150948 zet/20221003150948/README.md 2
20221003150949 20221005200242 zet/20221005200242/README.md 14
20221003150949 20221007062330 zet/20221007062330/README.md 4
20221003150949 20221013222124 zet/20221013222124/README.md 4
20221003150949 20221014185751 zet/20221014185751/README.md 4
20221003150953 20221003150549 zet/20221003150549/README.md 4
20221003150953 20221003150951 zet/20221003150951/README.md 3
20221003150953 20221003150952 zet/20221003150952/README.md 3
20221003150953 20221003150966 zet/20221003150966/README.md 2
20221003150953 20221005200242 zet/20221005200242/README.md 14
20221003150953 20221014185750 zet/20221014185750/README.md 4
20221003150983 20221003150979 zet/20221003150979/README.md 3
20221003150983 20221003150980 zet/20221003150980/README.md 6
20221003150983 20221003150981 zet/20221003150981/README.md 2
20221003150983 20221003150982 zet/20221003150982/README.md 2
20221003150983 20221003150988 zet/20221003150988/README.md 3
20221003150983 20221003151204 zet/20221003151204/README.md 24
20221003150983 20221003151233 zet/20221003151233/README.md 10
20221003150983 20221005200242 zet/20221005200242/README.md 14
20221003150983 20221009005402 zet/20221009005402/README.md 4
20221003150983 20221012153512 zet/20221012153512/README.md 5
20221003150983 20221014185735 zet/20221014185735/README.md 4
20221003150985 20221003150980 zet/20221003150980/README.md 6
20221003150985 20221003151204 zet/20221003151204/README.md 24
20221003150985 20221005200242 zet/20221005200242/README.md 14
20221003150985 20221009005402 zet/20221009005402/README.md 4
20221003150985 20221012153512 zet/20221012153512/README.md 5
20221003150985 20221014185735 zet/20221014185735/README.md 4
20221003150987 20221003150981 zet/20221003150981/README.md 2
20221003150987 20221003150984 zet/20221003150984/README.md 10
20221003150987 20221003150986 zet/20221003150986/README.md 3
20221003150987 20221003150988 zet/20221003150988/README.md 3
20221003150987 20221003151204 zet/20221003151204/README.md 24
20221003150987 20221003151233 zet/20221003151233/README.md 10
20221003150987 20221005200242 zet/20221005200242/README.md 14
20221003150987 20221009005402 zet/20221009005402/README.md 4
20221003150987 20221012153512 zet/20221012153512/README.md 5
20221003150987 20221014185735 zet/20221014185735/README.md 4
20221003151004 20221003150999 zet/20221003150999/README.md 10
20221003151004 20221003151000 zet/20221003151000/README.md 3
20221003151004 20221003151001 zet/20221003151001/README.md 2
20221003151004 20221003151002 zet/20221003151002/README.md 3
20221003151004 20221003151003 zet/20221003151003/README.md 6
20221003151004 20221003151006 zet/20221003151006/README.md 4
20221003151004 20221005200242 zet/20221005200242/README.md 14
20221003151004 20221013173355 zet/20221013173355/README.md 4
20221003151004 20221014185733 zet/20221014185733/README.md 4
20221003151008 20221003151007 zet/20221003151007/README.md 3
20221003151008 20221003151014 zet/20221003151014/README.md 12
20221003151008 20221005200242 zet/20221005200242/README.md 14
20221003151008 20221009005402 zet/20221009005402/README.md 4
20221003151008 20221014185732 zet/20221014185732/README.md 4
20221003151010 20221003151009 zet/20221003151009/README.md 2
20221003151010 20221003151012 zet/20221003151012/README.md 2
20221003151010 20221005200242 zet/20221005200242/README.md 14
20221003151010 20221009005402 zet/20221009005402/README.md 4
20221003151010 20221014185732 zet/20221014185732/README.md 4
20221003151028 20221003151027 zet/20221003151027/README.md 30
20221003151028 20221005200242 zet/20221005200242/README.md 14
20221003151028 20221014185721 zet/20221014185721/README.md 4
20221003151034 20221003151033 zet/20221003151033/README.md 2
20221003151034 20221005200242 zet/20221005200242/README.md 14
20221003151034 20221014185718 zet/20221014185718/README.md 4
20221003151037 20221005200242 zet/20221005200242/README.md 14
20221003151039 20221003150449 zet/20221003150449/README.md 4
20221003151039 20221003151038 zet/20221003151038/README.md 3
20221003151039 20221003151175 zet/20221003151175/README.md 17
20221003151039 20221005200242 zet/20221005200242/README.md 14
20221003151039 20221013185837 zet/20221013185837/README.md 5
20221003151039 20221014185718 zet/20221014185718/README.md 4
20221003151045 20221003151042 zet/20221003151042/README.md 5
20221003151045 20221003151043 zet/20221003151043/README.md 4
20221003151045 20221003151044 zet/20221003151044/README.md 4
20221003151045 20221005200242 zet/20221005200242/README.md 14
20221003151045 20221014185718 zet/20221014185718/README.md 4
20221003151047 20221005200242 zet/20221005200242/README.md 14
20221003151047 20221014185718 zet/20221014185718/README.md 4
20221003151048 20221003151046 zet/20221003151046/README.md 3
20221003151048 20221005200242 zet/20221005200242/README.md 14
20221003151048 20221014185718 zet/20221014185718/README.md 4
20221003151050 20221003151049 zet/20221003151049/README.md 5
20221003151050 20221005200242 zet/20221005200242/README.md 14
20221003151050 20221014185718 zet/20221014185718/README.md 4
20221003151052 20221005200242 zet/20221005200242/README.md 14
20221003151057 20221005200242 zet/20221005200242/README.md 14
20221003151066 20221003151065 zet/20221003151065/README.md 4
20221003151066 20221005200242 zet/20221005200242/README.md 14
20221003151066 20221009005402 zet/20221009005402/README.md 4
20221003151066 20221014185715 zet/20221014185715/README.md 4
20221003151067 20221005200242 zet/20221005200242/README.md 14
20221003151067 20221014185715 zet/20221014185715/README.md 4
20221003151070 20221003151068 zet/20221003151068/README.md 4
20221003151070 20221003151069 zet/20221003151069/README.md 6
20221003151070 20221005200242 zet/20221005200242/README.md 14
20221003151070 20221014185713 zet/20221014185713/README.md 4
20221003151072 20221003151071 zet/20221003151071/README.md 4
20221003151072 20221005200242 zet/20221005200242/README.md 14
20221003151072 20221007220451 zet/20221007220451/README.md 7
20221003151072 20221014185712 zet/20221014185712/README.md 4
20221003151073 20221005200242 zet/20221005200242/README.md 14
20221003151073 20221014185712 zet/20221014185712/README.md 4
20221003151076 20221003151074 zet/20221003151074/README.md 4
20221003151076 20221003151075 zet/20221003151075/README.md 6
20221003151076 20221005200242 zet/20221005200242/README.md 14
20221003151076 20221007220451 zet/20221007220451/README.md 7
20221003151076 20221008215655 zet/20221008215655/README.md 2
20221003151076 20221009005402 zet/20221009005402/README.md 4
20221003151076 20221014185710 zet/20221014185710/README.md 4
20221003151081 20221003151080 zet/20221003151080/README.md 2
20221003151081 20221005200242 zet/20221005200242/README.md 14
20221003151081 20221007220451 zet/20221007220451/README.md 7
20221003151081 20221008215655 zet/20221008215655/README.md 2
20221003151081 20221014185710 zet/20221014185710/README.md 4
20221003151081 20221019003259 zet/20221019003259/README.md 4
20221003151089 20221003151086 zet/20221003151086/README.md 5
20221003151089 20221003151087 zet/20221003151087/README.md 5
20221003151089 20221003151088 zet/20221003151088/README.md 4
20221003151089 20221005200242 zet/20221005200242/README.md 14
20221003151089 20221014185704 zet/20221014185704/README.md 4
20221003151089 20221017180938 zet/20221017180938/README.md 4
20221003151094 20221003151060 zet/20221003151060/README.md 4
20221003151094 20221003151093 zet/20221003151093/README.md 12
20221003151094 20221005200242 zet/20221005200242/README.md 14
20221003151094 20221008213458 zet/20221008213458/README.md 4
20221003151094 20221013185837 zet/20221013185837/README.md 5
20221003151094 20221014185701 zet/20221014185701/README.md 4
20221003151099 20221005200242 zet/20221005200242/README.md 14
20221003151099 20221009005402 zet/20221009005402/README.md 4
20221003151099 20221014185658 zet/20221014185658/README.md 4
20221003151101 20221003150479 zet/20221003150479/README.md 4
20221003151101 20221003151098 zet/20221003151098/README.md 4
20221003151101 20221003151100 zet/20221003151100/README.md 5
20221003151101 20221005200242 zet/20221005200242/README.md 14
20221003151101 20221006214729 zet/20221006214729/README.md 5
20221003151101 20221008212802 zet/20221008212802/README.md 2
20221003151101 20221009005402 zet/20221009005402/README.md 4
20221003151101 20221014185658 zet/20221014185658/README.md 4
20221003151108 20221003151107 zet/20221003151107/README.md 2
20221003151108 20221005200242 zet/20221005200242/README.md 14
20221003151108 20221014185655 zet/20221014185655/README.md 4
20221003151110 20221003151109 zet/20221003151109/README.md 3
20221003151110 20221005200242 zet/20221005200242/README.md 14
20221003151110 20221007220451 zet/20221007220451/README.md 7
20221003151110 20221014185655 zet/20221014185655/README.md 4
20221003151115 20221003151112 zet/20221003151112/README.md 2
20221003151115 20221003151113 zet/20221003151113/README.md 2
20221003151115 20221003151114 zet/20221003151114/README.md 3
20221003151115 20221005200242 zet/20221005200242/README.md 14
20221003151115 20221007220451 zet/20221007220451/README.md 7
20221003151115 20221014185655 zet/20221014185655/README.md 4
20221003151124 20221003150568 zet/20221003150568/README.md 4
20221003151124 20221003151102 zet/20221003151102/README.md 4
20221003151124 20221003151111 zet/20221003151111/README.md 2
20221003151124 20221003151117 zet/20221003151117/README.md 3
20221003151124 20221003151118 zet/20221003151118/README.md 2
20221003151124 20221003151119 zet/20221003151119/README.md 2
20221003151124 20221003151120 zet/20221003151120/README.md 2
20221003151124 20221003151121 zet/20221003151121/README.md 7
20221003151124 20221003151122 zet/20221003151122/README.md 2
20221003151124 20221003151123 zet/20221003151123/README.md 5
20221003151124 20221003151207 zet/20221003151207/README.md 83
20221003151124 20221005200242 zet/20221005200242/README.md 14
20221003151124 20221013173355 zet/20221013173355/README.md 4
20221003151124 20221014185655 zet/20221014185655/README.md 4
20221003151126 20221003151127 zet/20221003151127/README.md 4
20221003151126 20221005200242 zet/20221005200242/README.md 14
20221003151126 20221007220451 zet/20221007220451/README.md 7
20221003151126 20221014185654 zet/20221014185654/README.md 4
20221003151143 20221003151141 zet/20221003151141/README.md 4
20221003151143 20221003151142 zet/20221003151142/README.md 3
20221003151143 20221005200242 zet/20221005200242/README.md 14
20221003151143 20221006213130 zet/20221006213130/README.md 2
20221003151143 20221007220451 zet/20221007220451/README.md 7
20221003151143 20221008005525 zet/20221008005525/README.md 9
20221003151143 20221009005402 zet/20221009005402/README.md 4
20221003151143 20221014185654 zet/20221014185654/README.md 4
20221003151144 20221003150254 zet/20221003150254/README.md 3
20221003151144 20221003150352 zet/20221003150352/README.md 2
20221003151144 20221003150357 zet/20221003150357/README.md 2
20221003151144 20221003150967 zet/20221003150967/README.md 6
20221003151144 20221003151127 zet/20221003151127/README.md 4
20221003151144 20221003151129 zet/20221003151129/README.md 3
20221003151144 20221003151130 zet/20221003151130/README.md 5
20221003151144 20221003151134 zet/20221003151134/README.md 2
20221003151144 20221003151135 zet/20221003151135/README.md 5
20221003151144 20221003151136 zet/20221003151136/README.md 5
20221003151144 20221003151137 zet/20221003151137/README.md 2
20221003151144 20221003151138 zet/20221003151138/README.md 2
20221003151144 20221003151139 zet/20221003151139/README.md 10
20221003151144 20221003151140 zet/20221003151140/README.md 4
20221003151144 20221003151147 zet/20221003151147/README.md 27
20221003151144 20221003151201 zet/20221003151201/README.md 4
20221003151144 20221003151203 zet/20221003151203/README.md 4
20221003151144 20221003151207 zet/20221003151207/README.md 83
20221003151144 20221003151218 zet/20221003151218/README.md 5
20221003151144 20221005200242 zet/20221005200242/README.md 14
20221003151144 20221006214729 zet/20221006214729/README.md 5
20221003151144 20221006215623 zet/20221006215623/README.md 47
20221003151144 20221007220451 zet/20221007220451/README.md 7
20221003151144 20221008042814 zet/20221008042814/README.md 2
20221003151144 20221008215530 zet/20221008215530/README.md 5
20221003151144 20221009001740 zet/20221009001740/README.md 3
20221003151144 20221009005402 zet/20221009005402/README.md 4
20221003151144 20221011092959 zet/20221011092959/README.md 4
20221003151144 20221014185654 zet/20221014185654/README.md 4
20221003151146 20221003151145 zet/20221003151145/README.md 9
20221003151146 20221003151148 zet/20221003151148/README.md 7
20221003151146 20221005200242 zet/20221005200242/README.md 14
20221003151146 20221013222124 zet/20221013222124/README.md 4
20221003151146 20221014185652 zet/20221014185652/README.md 4
20221003151152 20221003150835 zet/20221003150835/README.md 4
20221003151152 20221003151150 zet/20221003151150/README.md 6
20221003151152 20221003151153 zet/20221003151153/README.md 4
20221003151152 20221003151170 zet/20221003151170/README.md 2
20221003151152 20221003151197 zet/20221003151197/README.md 8
20221003151152 20221005200242 zet/20221005200242/README.md 14
20221003151152 20221014185651 zet/20221014185651/README.md 4
20221003151193 20221003150252 zet/20221003150252/README.md 2
20221003151193 20221003150462 zet/20221003150462/README.md 4
20221003151193 20221003150968 zet/20221003150968/README.md 2
20221003151193 20221003151175 zet/20221003151175/README.md 17
20221003151193 20221003151180 zet/20221003151180/README.md 29
20221003151193 20221003151182 zet/20221003151182/README.md 21
20221003151193 20221003151183 zet/20221003151183/README.md 19
20221003151193 20221003151184 zet/20221003151184/README.md 22
20221003151193 20221003151185 zet/20221003151185/README.md 11
20221003151193 20221003151186 zet/20221003151186/README.md 17
20221003151193 20221003151187 zet/20221003151187/README.md 16
20221003151193 20221003151188 zet/20221003151188/README.md 9
20221003151193 20221003151189 zet/20221003151189/README.md 6
20221003151193 20221003151190 zet/20221003151190/README.md 21
20221003151193 20221003151191 zet/20221003151191/README.md 33
20221003151193 20221003151192 zet/20221003151192/README.md 48
20221003151193 20221003151195 zet/20221003151195/README.md 7
20221003151193 20221003151408 zet/20221003151408/README.md 65
20221003151193 20221005200242 zet/20221005200242/README.md 14
20221003151193 20221006215353 zet/20221006215353/README.md 8
20221003151193 20221007220451 zet/20221007220451/README.md 7
20221003151193 20221008210209 zet/20221008210209/README.md 4
20221003151193 20221008221548 zet/20221008221548/README.md 4
20221003151193 20221008221822 zet/20221008221822/README.md 3
20221003151193 20221009001740 zet/20221009001740/README.md 3
20221003151193 20221009005402 zet/20221009005402/README.md 4
20221003151193 20221009102436 zet/20221009102436/README.md 5
20221003151193 20221014164014 zet/20221014164014/README.md 4
20221003151193 20221014185619 zet/20221014185619/README.md 4
20221003151193 20221015005535 zet/20221015005535/README.md 5
20221003151193 20221019143424 zet/20221019143424/README.md 6
20221003151214 20221003151055 zet/20221003151055/README.md 2
20221003151214 20221003151164 zet/20221003151164/README.md 8
20221003151214 20221003151192 zet/20221003151192/README.md 48
20221003151214 20221003151211 zet/20221003151211/README.md 4
20221003151214 20221003151212 zet/20221003151212/README.md 3
20221003151214 20221003151213 zet/20221003151213/README.md 7
20221003151214 20221005200242 zet/20221005200242/README.md 14
20221003151214 20221007044552 zet/20221007044552/README.md 2
20221003151214 20221008213254 zet/20221008213254/README.md 4
20221003151214 20221009102436 zet/20221009102436/README.md 5
20221003151214 20221014185559 zet/20221014185559/README.md 4
20221003151236 20221003151204 zet/20221003151204/README.md 24
20221003151236 20221003151231 zet/20221003151231/README.md 4
20221003151236 20221003151232 zet/20221003151232/README.md 6
20221003151236 20221003151233 zet/20221003151233/README.md 10
20221003151236 20221003151235 zet/20221003151235/README.md 5
20221003151236 20221005200242 zet/20221005200242/README.md 14
20221003151236 20221009005402 zet/20221009005402/README.md 4
20221003151236 20221012153512 zet/20221012153512/README.md 5
20221003151236 20221013222124 zet/20221013222124/README.md 4
20221003151236 20221014185545 zet/20221014185545/README.md 4
20221003151244 20221003150357 zet/20221003150357/README.md 2
20221003151244 20221003151243 zet/20221003151243/README.md 4
20221003151244 20221003151261 zet/20221003151261/README.md 3
20221003151244 20221005200242 zet/20221005200242/README.md 14
20221003151244 20221009005402 zet/20221009005402/README.md 4
20221003151244 20221013175128 zet/20221013175128/README.md 4
20221003151244 20221013175957 zet/20221013175957/README.md 4
20221003151244 20221013222124 zet/20221013222124/README.md 4
20221003151244 20221014185536 zet/20221014185536/README.md 4
20221003151247 20221003151245 zet/20221003151245/README.md 7
20221003151247 20221003151246 zet/20221003151246/README.md 7
20221003151247 20221005200242 zet/20221005200242/README.md 14
20221003151247 20221013222124 zet/20221013222124/README.md 4
20221003151247 20221014185534 zet/20221014185534/README.md 4
20221003151249 20221003151250 zet/20221003151250/README.md 4
20221003151249 20221005200242 zet/20221005200242/README.md 14
20221003151249 20221013194055 zet/20221013194055/README.md 4
20221003151249 20221013222124 zet/20221013222124/README.md 4
20221003151249 20221014185533 zet/20221014185533/README.md 4
20221003151253 20221003151251 zet/20221003151251/README.md 2
20221003151253 20221003151252 zet/20221003151252/README.md 2
20221003151253 20221005200242 zet/20221005200242/README.md 14
20221003151253 20221013222124 zet/20221013222124/README.md 4
20221003151253 20221014185531 zet/20221014185531/README.md 4
20221003151254 20221005200242 zet/20221005200242/README.md 14
20221003151254 20221013222124 zet/20221013222124/README.md 4
20221003151254 20221014185531 zet/20221014185531/README.md 4
20221003151256 20221003151255 zet/20221003151255/README.md 3
20221003151256 20221005200242 zet/20221005200242/README.md 14
20221003151256 20221013222124 zet/20221013222124/README.md 4
20221003151256 20221014185531 zet/20221014185531/README.md 4
20221003151257 20221003150254 zet/20221003150254/README.md 3
20221003151257 20221003151251 zet/20221003151251/README.md 2
20221003151257 20221003151252 zet/20221003151252/README.md 2
20221003151257 20221003151255 zet/20221003151255/README.md 3
20221003151257 20221005200242 zet/20221005200242/README.md 14
20221003151257 20221013222124 zet/20221013222124/README.md 4
20221003151257 20221014185531 zet/20221014185531/README.md 4
20221003151267 20221003151264 zet/20221003151264/README.md 86
20221003151267 20221003151265 zet/20221003151265/README.md 7
20221003151267 20221003151266 zet/20221003151266/README.md 2
20221003151267 20221005200242 zet/20221005200242/README.md 14
20221003151267 20221007043646 zet/20221007043646/README.md 121
20221003151267 20221008210746 zet/20221008210746/README.md 11
20221003151267 20221009162538 zet/20221009162538/README.md 2
20221003151267 20221010074318 zet/20221010074318/README.md 5
20221003151267 20221010153630 zet/20221010153630/README.md 5
20221003151267 20221011085218 zet/20221011085218/README.md 3
20221003151267 20221012102820 zet/20221012102820/README.md 7
20221003151267 20221014073148 zet/20221014073148/README.md 19
20221003151267 20221014153143 zet/20221014153143/README.md 8
20221003151267 20221014154934 zet/20221014154934/README.md 10
20221003151267 20221014190236 zet/20221014190236/README.md 4
20221003151267 20221022232030 zet/20221022232030/README.md 20
20221003151280 20221003151279 zet/20221003151279/README.md 24
20221003151280 20221005200242 zet/20221005200242/README.md 14
20221003151280 20221014190226 zet/20221014190226/README.md 4
20221003151281 20221005200242 zet/20221005200242/README.md 14
20221003151281 20221006072230 zet/20221006072230/README.md 14
20221003151281 20221007193634 zet/20221007193634/README.md 65
20221003151281 20221014190226 zet/20221014190226/README.md 4
20221003151281 20221017070405 zet/20221017070405/README.md 5
20221003151281 20221025045053 zet/20221025045053/README.md 7
20221003151286 20221003151285 zet/20221003151285/README.md 2
20221003151286 20221005200242 zet/20221005200242/README.md 14
20221003151286 20221014190222 zet/20221014190222/README.md 4
20221003151288 20221003151287 zet/20221003151287/README.md 5
20221003151288 20221005200242 zet/20221005200242/README.md 14
20221003151288 20221014190221 zet/20221014190221/README.md 4
20221003151289 20221003151287 zet/20221003151287/README.md 5
20221003151289 20221005200242 zet/20221005200242/README.md 14
20221003151289 20221009014200 zet/20221009014200/README.md 2
20221003151289 20221012153019 zet/20221012153019/README.md 5
20221003151289 20221014190221 zet/20221014190221/README.md 4
20221003151289 20221019143424 zet/20221019143424/README.md 6
20221003151299 20221003150067 zet/20221003150067/README.md 8
20221003151299 20221003150073 zet/20221003150073/README.md 7
20221003151299 20221003150132 zet/20221003150132/README.md 4
20221003151299 20221003150135 zet/20221003150135/README.md 4
20221003151299 20221003150174 zet/20221003150174/README.md 3
20221003151299 20221003150194 zet/20221003150194/README.md 9
20221003151299 20221003150195 zet/20221003150195/README.md 5
20221003151299 20221003150198 zet/20221003150198/README.md 5
20221003151299 20221003150199 zet/20221003150199/README.md 4
20221003151299 20221003150685 zet/20221003150685/README.md 4
20221003151299 20221003150726 zet/20221003150726/README.md 5
20221003151299 20221003150727 zet/20221003150727/README.md 4
20221003151299 20221003150792 zet/20221003150792/README.md 6
20221003151299 20221003150834 zet/20221003150834/README.md 5
20221003151299 20221003150892 zet/20221003150892/README.md 4
20221003151299 20221003151227 zet/20221003151227/README.md 4
20221003151299 20221003151239 zet/20221003151239/README.md 6
20221003151299 20221003151241 zet/20221003151241/README.md 5
20221003151299 20221003151259 zet/20221003151259/README.md 4
20221003151299 20221003151295 zet/20221003151295/README.md 3
20221003151299 20221003151296 zet/20221003151296/README.md 6
20221003151299 20221003151298 zet/20221003151298/README.md 3
20221003151299 20221003151300 zet/20221003151300/README.md 4
20221003151299 20221003151301 zet/20221003151301/README.md 4
20221003151299 20221003151302 zet/20221003151302/README.md 4
20221003151299 20221003151321 zet/20221003151321/README.md 9
20221003151299 20221003151325 zet/20221003151325/README.md 9
20221003151299 20221003151330 zet/20221003151330/README.md 4
20221003151299 20221003151331 zet/20221003151331/README.md 6
20221003151299 20221003151335 zet/20221003151335/README.md 3
20221003151299 20221003151339 zet/20221003151339/README.md 4
20221003151299 20221003151340 zet/20221003151340/README.md 6
20221003151299 20221003151408 zet/20221003151408/README.md 65
20221003151299 20221003151424 zet/20221003151424/README.md 2
20221003151299 20221003151431 zet/20221003151431/README.md 17
20221003151299 20221005200242 zet/20221005200242/README.md 14
20221003151299 20221007043646 zet/20221007043646/README.md 121
20221003151299 20221007181438 zet/20221007181438/README.md 12
20221003151299 20221007220451 zet/20221007220451/README.md 7
20221003151299 20221008005525 zet/20221008005525/README.md 9
20221003151299 20221008050923 zet/20221008050923/README.md 16
20221003151299 20221008081231 zet/20221008081231/README.md 4
20221003151299 20221008182309 zet/20221008182309/README.md 6
20221003151299 20221008212000 zet/20221008212000/README.md 2
20221003151299 20221008212519 zet/20221008212519/README.md 2
20221003151299 20221008214631 zet/20221008214631/README.md 13
20221003151299 20221009005402 zet/20221009005402/README.md 4
20221003151299 20221009012547 zet/20221009012547/README.md 13
20221003151299 20221010074318 zet/20221010074318/README.md 5
20221003151299 20221010164408 zet/20221010164408/README.md 20
20221003151299 20221011145143 zet/20221011145143/README.md 7
20221003151299 20221012070318 zet/20221012070318/README.md 4
20221003151299 20221012070836 zet/20221012070836/README.md 14
20221003151299 20221012094712 zet/20221012094712/README.md 6
20221003151299 20221012102630 zet/20221012102630/README.md 5
20221003151299 20221012102820 zet/20221012102820/README.md 7
20221003151299 20221013171453 zet/20221013171453/README.md 4
20221003151299 20221013190051 zet/20221013190051/README.md 4
20221003151299 20221013222124 zet/20221013222124/README.md 4
20221003151299 20221013222336 zet/20221013222336/README.md 8
20221003151299 20221014073148 zet/20221014073148/README.md 19
20221003151299 20221014074726 zet/20221014074726/README.md 11
20221003151299 20221014142356 zet/20221014142356/README.md 4
20221003151299 20221014190259 zet/20221014190259/README.md 4
20221003151299 20221017084459 zet/20221017084459/README.md 6
20221003151299 20221018050302 zet/20221018050302/README.md 10
20221003151299 20221018182017 zet/20221018182017/README.md 6
20221003151299 20221018183943 zet/20221018183943/README.md 6
20221003151299 20221018190312 zet/20221018190312/README.md 5
20221003151299 20221018193528 zet/20221018193528/README.md 13
20221003151299 20221019141821 zet/20221019141821/README.md 12
20221003151309 20221003151307 zet/20221003151307/README.md 9
20221003151309 20221003151308 zet/20221003151308/README.md 4
20221003151309 20221005200242 zet/20221005200242/README.md 14
20221003151309 20221008070202 zet/20221008070202/README.md 15
20221003151309 20221008081231 zet/20221008081231/README.md 4
20221003151309 20221014190251 zet/20221014190251/README.md 4
20221003151318 20221003151317 zet/20221003151317/README.md 5
20221003151318 20221005200242 zet/20221005200242/README.md 14
20221003151318 20221014190248 zet/20221014190248/README.md 4
20221003151324 20221003151323 zet/20221003151323/README.md 5
20221003151324 20221005200242 zet/20221005200242/README.md 14
20221003151324 20221014190244 zet/20221014190244/README.md 4
20221003151356 20221005200242 zet/20221005200242/README.md 14
20221003151356 20221014190229 zet/20221014190229/README.md 4
20221003151361 20221005200242 zet/20221005200242/README.md 14
20221003151361 20221009005402 zet/20221009005402/README.md 4
20221003151361 20221014190229 zet/20221014190229/README.md 4
20221003151362 20221005200242 zet/20221005200242/README.md 14
20221003151362 20221009005402 zet/20221009005402/README.md 4
20221003151362 20221014190229 zet/20221014190229/README.md 4
20221003151377 20221003151424 zet/20221003151424/README.md 2
20221003151377 20221005200242 zet/20221005200242/README.md 14
20221003151377 20221014185450 zet/20221014185450/README.md 4
20221003151380 20221003151424 zet/20221003151424/README.md 2
20221003151380 20221005200242 zet/20221005200242/README.md 14
20221003151380 20221008054623 zet/20221008054623/README.md 7
20221003151380 20221009015558 zet/20221009015558/README.md 2
20221003151380 20221010142810 zet/20221010142810/README.md 180
20221003151380 20221014185450 zet/20221014185450/README.md 4
20221003151383 20221003151424 zet/20221003151424/README.md 2
20221003151383 20221005200242 zet/20221005200242/README.md 14
20221003151383 20221010152742 zet/20221010152742/README.md 7
20221003151383 20221014185450 zet/20221014185450/README.md 4
20221003151384 20221003151424 zet/20221003151424/README.md 2
20221003151384 20221005200242 zet/20221005200242/README.md 14
20221003151384 20221014185450 zet/20221014185450/README.md 4
20221003151386 20221003151424 zet/20221003151424/README.md 2
20221003151386 20221005200242 zet/20221005200242/README.md 14
20221003151386 20221014185450 zet/20221014185450/README.md 4
20221003151394 20221003151424 zet/20221003151424/README.md 2
20221003151394 20221005200242 zet/20221005200242/README.md 14
20221003151394 20221014185450 zet/20221014185450/README.md 4
20221003151402 20221003151424 zet/20221003151424/README.md 2
20221003151402 20221005200242 zet/20221005200242/README.md 14
20221003151402 20221014185450 zet/20221014185450/README.md 4
20221003151403 20221003151424 zet/20221003151424/README.md 2
20221003151403 20221005200242 zet/20221005200242/README.md 14
20221003151403 20221010064819 zet/20221010064819/README.md 31
20221003151403 20221014185450 zet/20221014185450/README.md 4
20221003151418 20221003151424 zet/20221003151424/README.md 2
20221003151418 20221005200242 zet/20221005200242/README.md 14
20221003151418 20221014185450 zet/20221014185450/README.md 4
20221003151421 20221003151424 zet/20221003151424/README.md 2
20221003151421 20221005200242 zet/20221005200242/README.md 14
20221003151421 20221014185450 zet/20221014185450/README.md 4
20221003151438 20221003151441 zet/20221003151441/README.md 2
20221003151438 20221005200242 zet/20221005200242/README.md 14
20221003151438 20221010074318 zet/20221010074318/README.md 5
20221003151438 20221014185509 zet/20221014185509/README.md 4
