20221003151443
20221003151442
20221003151441
20221003151440
20221003151439
20221003151438
20221003151437
20221003151436
20221003151435
20221003151434
20221003151433
20221003151432
20221003151431
20221003151430
20221003151429
20221003151428
20221003151427
20221003151426
20221003151425
20221003151424
20221003151423
20221003151422
20221003151421
20221003151420
20221003151419
20221003151418
20221003151417
20221003151416
20221003151415
20221003151414
20221003151413
20221003151412
20221003151411
20221003151410
20221003151409
20221003151408
20221003151407
20221003151406
20221003151405
20221003151404
20221003151403
20221003151402
20221003151401
20221003151400
20221003151399
20221003151398
20221003151397
20221003151396
20221003151395
20221003151394
20221003151393
20221003151392
20221003151391
20221003151390
20221003151389
20221003151388
20221003151387
20221003151386
20221003151385
20221003151384
20221003151383
20221003151382
20221003151381
20221003151380
20221003151379
20221003151378
20221003151377
20221003151376
20221003151375
20221003151374
20221003151373
20221003151372
20221003151371
20221003151370
20221003151369
20221003151368
20221003151367
20221003151366
20221003151365
20221003151364
20221003151363
20221003151362
20221003151361
20221003151360
20221003151359
20221003151358
20221003151357
20221003151356
20221003151355
20221003151354
20221003151353
20221003151352
20221003151351
20221003151350
20221003151349
20221003151348
20221003151347
20221003151346
20221003151345
20221003151344
20221003151343
20221003151342
20221003151341
20221003151340
20221003151339
20221003151338
20221003151337
20221003151336
20221003151335
20221003151334
20221003151333
20221003151332
20221003151331
20221003151330
20221003151329
20221003151328
20221003151327
20221003151326
20221003151325
20221003151324
20221003151323
20221003151322
20221003151321
20221003151320
20221003151319
20221003151318
20221003151317
20221003151316
20221003151315
20221003151314
20221003151313
20221003151312
20221003151311
20221003151310
20221003151309
20221003151308
20221003151307
20221003151306
20221003151305
20221003151304
20221003151303
20221003151302
20221003151301
20221003151300
20221003151299
20221003151298
20221003151297
20221003151296
20221003151295
20221003151294
20221003151293
20221003151292
20221003151291
20221003151290
20221003151289
20221003151288
20221003151287
20221003151286
20221003151285
20221003151284
20221003151283
20221003151282
20221003151281
20221003151280
20221003151279
20221003151278
20221003151277
20221003151276
20221003151275
20221003151274
20221003151273
20221003151272
20221003151271
20221003151270
20221003151269
20221003151268
20221003151267
20221003151266
20221003151265
20221003151264
20221003151263
20221003151262
20221003151261
20221003151260
20221003151259
20221003151258
20221003151257
20221003151256
20221003151255
20221003151254
20221003151253
20221003151252
20221003151251
20221003151250
20221003151249
20221003151248
20221003151247
20221003151246
20221003151245
20221003151244
20221003151243
20221003151242
20221003151241
20221003151240
20221003151239
20221003151238
20221003151237
20221003151236
20221003151235
20221003151234
20221003151233
20221003151232
20221003151231
20221003151230
20221003151229
20221003151228
20221003151227
20221003151226
20221003151225
20221003151224
20221003151223
20221003151222
20221003151221
20221003151220
20221003151219
20221003151218
20221003151217
20221003151216
20221003151215
20221003151214
20221003151213
20221003151212
20221003151211
20221003151210
20221003151209
20221003151208
20221003151207
20221003151206
20221003151205
20221003151204
20221003151203
20221003151202
20221003151201
20221003151200
20221003151199
20221003151198
20221003151197
20221003151196
20221003151195
20221003151194
20221003151193
20221003151192
20221003151191
20221003151190
20221003151189
20221003151188
20221003151187
20221003151186
20221003151185
20221003151184
20221003151183
20221003151182
20221003151181
20221003151180
20221003151179
20221003151178
20221003151177
20221003151176
20221003151175
20221003151174
20221003151173
20221003151172
20221003151171
20221003151170
20221003151169
20221003151168
20221003151167
20221003151166
20221003151165
20221003151164
20221003151163
20221003151162
20221003151161
20221003151160
20221003151159
20221003151158
20221003151157
20221003151156
20221003151155
20221003151154
20221003151153
20221003151152
20221003151151
20221003151150
20221003151149
20221003151148
20221003151147
20221003151146
20221003151145
20221003151144
20221003151143
20221003151142
20221003151141
20221003151140
20221003151139
20221003151138
20221003151137
20221003151136
20221003151135
20221003151134
20221003151133
20221003151132
20221003151131
20221003151130
20221003151129
20221003151128
20221003151127
20221003151126
20221003151125
20221003151124
20221003151123
20221003151122
20221003151121
20221003151120
20221003151119
20221003151118
20221003151117
20221003151116
20221003151115
20221003151114
20221003151113
20221003151112
20221003151111
20221003151110
20221003151109
20221003151108
20221003151107
20221003151106
20221003151105
20221003151104
20221003151103
20221003151102
20221003151101
20221003151100
20221003151099
20221003151098
20221003151097
20221003151096
20221003151095
20221003151094
20221003151093
20221003151092
20221003151091
20221003151090
20221003151089
20221003151088
20221003151087
20221003151086
20221003151085
20221003151084
20221003151083
20221003151082
20221003151081
20221003151080
20221003151079
20221003151078
20221003151077
20221003151076
20221003151075
20221003151074
20221003151073
20221003151072
20221003151071
20221003151070
20221003151069
20221003151068
20221003151067
20221003151066
20221003151065
20221003151064
20221003151063
20221003151062
20221003151061
20221003151060
20221003151059
20221003151058
20221003151057
20221003151056
20221003151055
20221003151054
20221003151053
20221003151052
20221003151051
20221003151050
20221003151049
20221003151048
20221003151047
20221003151046
20221003151045
20221003151044
20221003151043
20221003151042
20221003151041
20221003151040
20221003151039
20221003151038
20221003151037
20221003151036
20221003151035
20221003151034
20221003151033
20221003151032
20221003151031
20221003151030
20221003151029
20221003151028
20221003151027
20221003151026
20221003151025
20221003151024
20221003151023
20221003151022
20221003151021
20221003151020
20221003151019
20221003151018
20221003151017
20221003151016
20221003151015
20221003151014
20221003151013
20221003151012
20221003151011
20221003151010
20221003151009
20221003151008
20221003151007
20221003151006
20221003151005
20221003151004
20221003151003
20221003151002
20221003151001
20221003151000
20221003150999
20221003150998
20221003150997
20221003150996
20221003150995
20221003150994
20221003150993
20221003150992
20221003150991
20221003150990
20221003150989
20221003150988
20221003150987
20221003150986
20221003150985
20221003150984
20221003150983
20221003150982
20221003150981
20221003150980
20221003150979
20221003150978
20221003150977
20221003150976
20221003150975
20221003150974
20221003150973
20221003150972
20221003150971
20221003150970
20221003150969
20221003150968
20221003150967
20221003150966
20221003150965
20221003150964
20221003150963
20221003150962
20221003150961
20221003150960
20221003150959
20221003150958
20221003150957
20221003150956
20221003150955
20221003150954
20221003150953
20221003150952
20221003150951
20221003150950
20221003150949
20221003150948
20221003150947
20221003150946
20221003150945
20221003150944
20221003150943
20221003150942
20221003150941
20221003150940
20221003150939
20221003150938
20221003150937
20221003150936
20221003150935
20221003150934
20221003150933
20221003150932
20221003150931
20221003150930
20221003150929
20221003150928
20221003150927
20221003150926
20221003150925
20221003150924
20221003150923
20221003150922
20221003150921
20221003150920
20221003150919
20221003150918
20221003150917
20221003150916
20221003150915
20221003150914
20221003150913
20221003150912
20221003150911
20221003150910
20221003150909
20221003150908
20221003150907
20221003150906
20221003150905
20221003150904
20221003150903
20221003150902
20221003150901
20221003150900
20221003150899
20221003150898
20221003150897
20221003150896
20221003150895
20221003150894
20221003150893
20221003150892
20221003150891
20221003150890
20221003150889
20221003150888
20221003150887
20221003150886
20221003150885
20221003150884
20221003150883
20221003150882
20221003150881
20221003150880
20221003150879
20221003150878
20221003150877
20221003150876
20221003150875
20221003150874
20221003150873
20221003150872
20221003150871
20221003150870
20221003150869
20221003150868
20221003150867
20221003150866
20221003150865
20221003150864
20221003150863
20221003150862
20221003150861
20221003150860
20221003150859
20221003150858
20221003150857
20221003150856
20221003150855
20221003150854
20221003150853
20221003150852
20221003150851
20221003150850
20221003150849
20221003150848
20221003150847
20221003150846
20221003150845
20221003150844
20221003150843
20221003150842
20221003150841
20221003150840
20221003150839
20221003150838
20221003150837
20221003150836
20221003150835
20221003150834
20221003150833
20221003150832
20221003150831
20221003150830
20221003150829
20221003150828
20221003150827
20221003150826
20221003150825
20221003150824
20221003150823
20221003150822
20221003150821
20221003150820
20221003150819
20221003150818
20221003150817
20221003150816
20221003150815
20221003150814
20221003150813
20221003150812
20221003150811
20221003150810
20221003150809
20221003150808
20221003150807
20221003150806
20221003150805
20221003150804
20221003150803
20221003150802
20221003150801
20221003150800
20221003150799
20221003150798
20221003150797
20221003150796
20221003150795
20221003150794
20221003150793
20221003150792
20221003150791
20221003150790
20221003150789
20221003150788
20221003150787
20221003150786
20221003150785
20221003150784
20221003150783
20221003150782
20221003150781
20221003150780
20221003150779
20221003150778
20221003150777
20221003150776
20221003150775
20221003150774
20221003150773
20221003150772
20221003150771
20221003150770
20221003150769
20221003150768
20221003150767
20221003150766
20221003150765
20221003150764
20221003150763
20221003150762
20221003150761
20221003150760
20221003150759
20221003150758
20221003150757
20221003150756
20221003150755
20221003150754
20221003150753
20221003150752
20221003150751
20221003150750
20221003150749
20221003150748
20221003150747
20221003150746
20221003150745
20221003150744
20221003150743
20221003150742
20221003150741
20221003150740
20221003150739
20221003150738
20221003150737
20221003150736
20221003150735
20221003150734
20221003150733
20221003150732
20221003150731
20221003150730
20221003150729
20221003150728
20221003150727
20221003150726
20221003150725
20221003150724
20221003150723
20221003150722
20221003150721
20221003150720
20221003150719
20221003150718
20221003150717
20221003150716
20221003150715
20221003150714
20221003150713
20221003150712
20221003150711
20221003150710
20221003150709
20221003150708
20221003150707
20221003150706
20221003150705
20221003150704
20221003150703
20221003150702
20221003150701
20221003150700
20221003150699
20221003150698
20221003150697
20221003150696
20221003150695
20221003150694
20221003150693
20221003150692
20221003150691
20221003150690
20221003150689
20221003150688
20221003150687
20221003150686
20221003150685
20221003150684
20221003150683
20221003150682
20221003150681
20221003150680
20221003150679
20221003150678
20221003150677
20221003150676
20221003150675
20221003150674
20221003150673
20221003150672
20221003150671
20221003150670
20221003150669
20221003150668
20221003150667
20221003150666
20221003150665
20221003150664
20221003150663
20221003150662
20221003150661
20221003150660
20221003150659
20221003150658
20221003150657
20221003150656
20221003150655
20221003150654
20221003150653
20221003150652
20221003150651
20221003150650
20221003150649
20221003150648
20221003150647
20221003150646
20221003150645
20221003150644
20221003150643
20221003150642
20221003150641
20221003150640
20221003150639
20221003150638
20221003150637
20221003150636
20221003150635
20221003150634
20221003150633
20221003150632
20221003150631
20221003150630
20221003150629
20221003150628
20221003150627
20221003150626
20221003150625
20221003150624
20221003150623
20221003150622
20221003150621
20221003150620
20221003150619
20221003150618
20221003150617
20221003150616
20221003150615
20221003150614
20221003150613
20221003150612
20221003150611
20221003150610
20221003150609
20221003150608
20221003150607
20221003150606
20221003150605
20221003150604
20221003150603
20221003150602
20221003150601
20221003150600
20221003150599
20221003150598
20221003150597
20221003150596
20221003150595
20221003150594
20221003150593
20221003150592
20221003150591
20221003150590
20221003150589
20221003150588
20221003150587
20221003150586
20221003150585
20221003150584
20221003150583
20221003150582
20221003150581
20221003150580
20221003150579
20221003150578
20221003150577
20221003150576
20221003150575
20221003150574
20221003150573
20221003150572
20221003150571
20221003150570
20221003150569
20221003150568
20221003150567
20221003150566
20221003150565
20221003150564
20221003150563
20221003150562
20221003150561
20221003150560
20221003150559
20221003150558
20221003150557
20221003150556
20221003150555
20221003150554
20221003150553
20221003150552
20221003150551
20221003150550
20221003150549
20221003150548
20221003150547
20221003150546
20221003150545
20221003150544
20221003150543
20221003150542
20221003150541
20221003150540
20221003150539
20221003150538
20221003150537
20221003150536
20221003150535
20221003150534
20221003150533
20221003150532
20221003150531
20221003150530
20221003150529
20221003150528
20221003150527
20221003150526
20221003150525
20221003150524
20221003150523
20221003150522
20221003150521
20221003150520
20221003150519
20221003150518
20221003150517
20221003150516
20221003150515
20221003150514
20221003150513
20221003150512
20221003150511
20221003150510
20221003150509
20221003150508
20221003150507
20221003150506
20221003150505
20221003150504
20221003150503
20221003150502
20221003150501
20221003150500
20221003150499
20221003150498
20221003150497
20221003150496
20221003150495
20221003150494
20221003150493
20221003150492
20221003150491
20221003150490
20221003150489
20221003150488
20221003150487
20221003150486
20221003150485
20221003150484
20221003150483
20221003150482
20221003150481
20221003150480
20221003150479
20221003150478
20221003150477
20221003150476
20221003150475
20221003150474
20221003150473
20221003150472
20221003150471
20221003150470
20221003150469
20221003150468
20221003150467
20221003150466
20221003150465
20221003150464
20221003150463
20221003150462
20221003150461
20221003150460
20221003150459
20221003150458
20221003150457
20221003150456
20221003150455
20221003150454
20221003150453
20221003150452
20221003150451
20221003150450
20221003150449
20221003150448
20221003150447
20221003150446
20221003150445
20221003150444
20221003150443
20221003150442
20221003150441
20221003150440
20221003150439
20221003150438
20221003150437
20221003150436
20221003150435
20221003150434
20221003150433
20221003150432
20221003150431
20221003150430
20221003150429
20221003150428
20221003150427
20221003150426
20221003150425
20221003150424
20221003150423
20221003150422
20221003150421
20221003150420
20221003150419
20221003150418
20221003150417
20221003150416
20221003150415
20221003150414
20221003150413
20221003150412
20221003150411
20221003150410
20221003150409
20221003150408
20221003150407
20221003150406
20221003150405
20221003150404
20221003150403
20221003150402
20221003150401
20221003150400
20221003150399
20221003150398
20221003150397
20221003150396
20221003150395
20221003150394
20221003150393
20221003150392
20221003150391
20221003150390
20221003150389
20221003150388
20221003150387
20221003150386
20221003150385
20221003150384
20221003150383
20221003150382
20221003150381
20221003150380
20221003150379
20221003150378
20221003150377
20221003150376
20221003150375
20221003150374
20221003150373
20221003150372
20221003150371
20221003150370
20221003150369
20221003150368
20221003150367
20221003150366
20221003150365
20221003150364
20221003150363
20221003150362
20221003150361
20221003150360
20221003150359
20221003150358
20221003150357
20221003150356
20221003150355
20221003150354
20221003150353
20221003150352
20221003150351
20221003150350
20221003150349
20221003150348
20221003150347
20221003150346
20221003150345
20221003150344
20221003150343
20221003150342
20221003150341
20221003150340
20221003150339
20221003150338
20221003150337
20221003150336
20221003150335
20221003150334
20221003150333
20221003150332
20221003150331
20221003150330
20221003150329
20221003150328
20221003150327
20221003150326
20221003150325
20221003150324
20221003150323
20221003150322
20221003150321
20221003150320
20221003150319
20221003150318
20221003150317
20221003150316
20221003150315
20221003150314
20221003150313
20221003150312
20221003150311
20221003150310
20221003150309
20221003150308
20221003150307
20221003150306
20221003150305
20221003150304
20221003150303
20221003150302
20221003150301
20221003150300
20221003150299
20221003150298
20221003150297
20221003150296
20221003150295
20221003150294
20221003150293
20221003150292
20221003150291
20221003150290
20221003150289
20221003150288
20221003150287
20221003150286
20221003150285
20221003150284
20221003150283
20221003150282
20221003150281
20221003150280
20221003150279
20221003150278
20221003150277
20221003150276
20221003150275
20221003150274
20221003150273
20221003150272
20221003150271
20221003150270
20221003150269
20221003150268
20221003150267
20221003150266
20221003150265
20221003150264
20221003150263
20221003150262
20221003150261
20221003150260
20221003150259
20221003150258
20221003150257
20221003150256
20221003150255
20221003150254
20221003150253
20221003150252
20221003150251
20221003150250
20221003150249
20221003150248
20221003150247
20221003150246
20221003150245
20221003150244
20221003150243
20221003150242
20221003150241
20221003150240
20221003150239
20221003150238
20221003150237
20221003150236
20221003150235
20221003150234
20221003150233
20221003150232
20221003150231
20221003150230
20221003150229
20221003150228
20221003150227
20221003150226
20221003150225
20221003150224
20221003150223
20221003150222
20221003150221
20221003150220
20221003150219
20221003150218
20221003150217
20221003150216
20221003150215
20221003150214
20221003150213
20221003150212
20221003150211
20221003150210
20221003150209
20221003150208
20221003150207
20221003150206
20221003150205
20221003150204
20221003150203
20221003150202
20221003150201
20221003150200
20221003150199
20221003150198
20221003150197
20221003150196
20221003150195
20221003150194
20221003150193
20221003150192
20221003150191
20221003150190
20221003150189
20221003150188
20221003150187
20221003150186
20221003150185
20221003150184
20221003150183
20221003150182
20221003150181
20221003150180
20221003150179
20221003150178
20221003150177
20221003150176
20221003150175
20221003150174
20221003150173
20221003150172
20221003150171
20221003150170
20221003150169
20221003150168
20221003150167
20221003150166
20221003150165
20221003150164
20221003150163
20221003150162
20221003150161
20221003150160
20221003150159
20221003150158
20221003150157
20221003150156
20221003150155
20221003150154
20221003150153
20221003150152
20221003150151
20221003150150
20221003150149
20221003150148
20221003150147
20221003150146
20221003150145
20221003150144
20221003150143
20221003150142
20221003150141
20221003150140
20221003150139
20221003150138
20221003150137
20221003150136
20221003150135
20221003150134
20221003150133
20221003150132
20221003150131
20221003150130
20221003150129
20221003150128
20221003150127
20221003150126
20221003150125
20221003150124
20221003150123
20221003150122
20221003150121
20221003150120
20221003150119
20221003150118
20221003150117
20221003150116
20221003150115
20221003150114
20221003150113
20221003150112
20221003150111
20221003150110
20221003150109
20221003150108
20221003150107
20221003150106
20221003150105
20221003150104
20221003150103
20221003150102
20221003150101
20221003150100
20221003150099
20221003150098
20221003150097
20221003150096
20221003150095
20221003150094
20221003150093
20221003150092
20221003150091
20221003150090
20221003150089
20221003150088
20221003150087
20221003150086
20221003150085
20221003150084
20221003150083
20221003150082
20221003150081
20221003150080
20221003150079
20221003150078
20221003150077
20221003150076
20221003150075
20221003150074
20221003150073
20221003150072
20221003150071
20221003150070
20221003150069
20221003150068
20221003150067
20221003150066
20221003150065
20221003150064
20221003150063
20221003150062
20221003150061
20221003150060
20221003150059
20221003150058
20221003150057
20221003150056
20221003150055
20221003150054
20221003150053
20221003150052
20221003150051
20221003150050
20221003150049
20221003150048
20221003150047
20221003150046
20221003150045
20221003150044
20221003150043
20221003150042
20221003150041
20221003150040
20221003150039
20221003150038
20221003150037
20221003150036
20221003150035
20221003150034
20221003150033
20221003150032
20221003150031
20221003150030
20221003150029
20221003150028
20221003150027
20221003150026
20221003150025
20221003150024
20221003150023
20221003150022
20221003150021
20221003150020
20221003150019
20221003150018
20221003150017
20221003150016
20221003150015
20221003150014
20221003150013
20221003150012
20221003150011
20221003150010
20221003150009
20221003150008
20221003150007
20221003150006
20221003150005
20221003150004
20221003150003
20221003150002
20221003150001
20221003150000
20221003149999
20221003149998
20221003149997
20221003149996
20221003149995
20221003149994
20221003149993
20221003149992
20221003149991
20221003149990
20221003149989
20221003149988
20221003149987
20221003149986
20221003149985
20221003149984
20221003149983
20221003149982
20221003149981
20221003149980
20221003149979
20221003149978
20221003149977
20221003149976
20221003149975
20221003149974
20221003149973
20221003149972
20221003149971
20221003149970
20221003149969
20221003149968
20221003149967
20221003149966
20221003149965
20221003149964
20221003149963
20221003149962
20221003149961
20221003149960
20221003149959
20221003149958
20221003149957
20221003149956
20221003149955
20221003149954
20221003149953
20221003149952
20221003149951
20221003149950
20221003149949
20221003149948
20221003149947
20221003149946
20221003149945
20221003149944
20221003149943
20221003149942
20221003149941
20221003149940
20221003149939
20221003149938
20221003149937
20221003149936
20221003149935
20221003149934
20221003149933
20221003149932
20221003149931
20221003149930
20221003149929
20221003149928
20221003149927
20221003149926
20221003149925
20221003149924
20221003149923
20221003149922
20221003149921
20221003149920
20221003149919
20221003149918
20221003149917
20221003149916
20221003149915
20221003149914
20221003149913
20221003149912
20221003149911
20221003149910
20221003149909
20221003149908
20221003149907
20221003149906
20221003149905
20221003149904
20221003149903
20221003149902
20221003149901
20221003149900
20221003149899
20221003149898
20221003149897
20221003149896
20221003149895
20221003149894
20221003149893
20221003149892
20221003149891
20221003149890
20221003149889
20221003149888
20221003149887
20221003149886
20221003149885
20221003149884
20221003149883
20221003149882
20221003149881
20221003149880
20221003149879
20221003149878
20221003149877
20221003149876
20221003149875
20221003149874
20221003149873
20221003149872
20221003149871
20221003149870
20221003149869
20221003149868
20221003149867
20221003149866
20221003149865
20221003149864
20221003149863
20221003149862
20221003149861
20221003149860
20221003149859
20221003149858
20221003149857
20221003149856
20221003149855
20221003149854
20221003149853
20221003149852
20221003149851
20221003149850
20221003149849
20221003149848
20221003149847
20221003149846
20221003149845
20221003149844
20221003149843
20221003149842
20221003149841
20221003149840
20221003149839
20221003149838
20221003149837
20221003149836
20221003149835
20221003149834
20221003149833
20221003149832
20221003149831
20221003149830
20221003149829
20221003149828
20221003149827
20221003149826
20221003149825
20221003149824
20221003149823
20221003149822
20221003149821
20221003149820
20221003149819
20221003149818
20221003149817
20221003149816
20221003149815
20221003149814
20221003149813
20221003149812
20221003149811
20221003149810
20221003149809
20221003149808
20221003149807
20221003149806
20221003149805
20221003149804
20221003149803
20221003149802
20221003149801
20221003149800
20221003149799
20221003149798
20221003149797
20221003149796
20221003149795
20221003149794
20221003149793
20221003149792
20221003149791
20221003149790
20221003149789
20221003149788
20221003149787
20221003149786
20221003149785
20221003149784
20221003149783
20221003149782
20221003149781
20221003149780
20221003149779
20221003149778
20221003149777
20221003149776
20221003149775
20221003149774
20221003149773
20221003149772
20221003149771
20221003149770
20221003149769
20221003149768
20221003149767
20221003149766
20221003149765
20221003149764
20221003149763
20221003149762
20221003149761
20221003149760
20221003149759
20221003149758
20221003149757
20221003149756
20221003149755
20221003149754
20221003149753
20221003149752
20221003149751
20221003149750
20221003149749
20221003149748
20221003149747
20221003149746
20221003149745
20221003149744
20221003149743
20221003149742
20221003149741
20221003149740
20221003149739
20221003149738
20221003149737
20221003149736
20221003149735
20221003149734
20221003149733
20221003149732
20221003149731
20221003149730
20221003149729
20221003149728
20221003149727
20221003149726
20221003149725
20221003149724
20221003149723
20221003149722
20221003149721
20221003149720
20221003149719
20221003149718
20221003149717
20221003149716
20221003149715
20221003149714
20221003149713
20221003149712
20221003149711
20221003149710
20221003149709
20221003149708
20221003149707
20221003149706
20221003149705
20221003149704
20221003149703
20221003149702
20221003149701
20221003149700
20221003149699
20221003149698
20221003149697
20221003149696
20221003149695
20221003149694
20221003149693
20221003149692
20221003149691
20221003149690
20221003149689
20221003149688
20221003149687
20221003149686
20221003149685
20221003149684
20221003149683
20221003149682
20221003149681
20221003149680
20221003149679
20221003149678
20221003149677
20221003149676
20221003149675
20221003149674
20221003149673
20221003149672
20221003149671
20221003149670
20221003149669
20221003149668
20221003149667
20221003149666
20221003149665
20221003149664
20221003149663
20221003149662
20221003149661
20221003149660
20221003149659
20221003149658
20221003149657
20221003149656
20221003149655
20221003149654
20221003149653
20221003149652
20221003149651
20221003149650
20221003149649
20221003149648
20221003149647
20221003149646
20221003149645
20221003149644
20221003149643
20221003149642
20221003149641
20221003149640
20221003149639
20221003149638
20221003149637
20221003149636
20221003149635
20221003149634
20221003149633
20221003149632
20221003149631
20221003149630
20221003149629
20221003149628
20221003149627
20221003149626
20221003149625
20221003149624
20221003149623
20221003149622
20221003149621
20221003149620
20221003149619
20221003149618
20221003149617
20221003149616
20221003149615
20221003149614
20221003149613
20221003149612
20221003149611
20221003149610
20221003149609
20221003149608
20221003149607
20221003149606
20221003149605
20221003149604
20221003149603
20221003149602
20221003149601
20221003149600
20221003149599
20221003149598
20221003149597
20221003149596
20221003149595
20221003149594
20221003149593
20221003149592
20221003149591
20221003149590
20221003149589
20221003149588
20221003149587
20221003149586
20221003149585
20221003149584
20221003149583
20221003149582
20221003149581
20221003149580
20221003149579
20221003149578
20221003149577
20221003149576
20221003149575
20221003149574
20221003149573
20221003149572
20221003149571
20221003149570
20221003149569
20221003149568
20221003149567
20221003149566
20221003149565
20221003149564
20221003149563
20221003149562
20221003149561
20221003149560
20221003149559
20221003149558
20221003149557
20221003149556
20221003149555
20221003149554
20221003149553
20221003149552
20221003149551
20221003149550
20221003149549
20221003149548
20221003149547
20221003149546
20221003149545
20221003149544
20221003149543
20221003149542
20221003149541
20221003149540
20221003149539
20221003149538
20221003149537
20221003149536
20221003149535
20221003149534
20221003149533
20221003149532
20221003149531
20221003149530
20221003149529
20221003149528
20221003149527
20221003149526
20221003149525
20221003149524
20221003149523
20221003149522
20221003149521
20221003149520
20221003149519
20221003149518
20221003149517
20221003149516
20221003149515
20221003149514
20221003149513
20221003149512
20221003149511
20221003149510
20221003149509
20221003149508
20221003149507
20221003149506
20221003149505
20221003149504
20221003149503
20221003149502
20221003149501
20221003149500
20221003149499
20221003149498
20221003149497
20221003149496
20221003149495
20221003149494
20221003149493
20221003149492
20221003149491
20221003149490
20221003149489
20221003149488
20221003149487
20221003149486
20221003149485
20221003149484
20221003149483
20221003149482
20221003149481
20221003149480
20221003149479
20221003149478
20221003149477
20221003149476
20221003149475
20221003149474
20221003149473
20221003149472
20221003149471
20221003149470
20221003149469
20221003149468
20221003149467
20221003149466
20221003149465
20221003149464
20221003149463
20221003149462
20221003149461
20221003149460
20221003149459
20221003149458
20221003149457
20221003149456
20221003149455
20221003149454
20221003149453
20221003149452
20221003149451
20221003149450
20221003149449
20221003149448
20221003149447
20221003149446
20221003149445
20221003149444
20221003149443
20221003149442
