20221003150100 20221003150099
20221003150100 20221014185507
20221003150100 20221003150105
20221003150200 20221003150201
20221003150200 20221017154727
20221003150200 20221013222124
20221003150200 20221014190128
20221003150300 20221022210719
20221003150300 20221014190056
20221003150300 20221003150301
20221003150500 20221003151208
20221003150500 20221014190024
20221003150500 20221009005402
20221003150500 20221003150499
20221003150600 20221019150132
20221003150600 20221003150597
20221003150600 20221003150596
20221003150600 20221003150595
20221003150600 20221003150748
20221003150600 20221003150599
20221003150600 20221003150598
20221003150600 20221009014200
20221003150600 20221017180938
20221003150600 20221015005745
20221003150600 20221015005557
20221003150600 20221003151363
20221003150600 20221003151153
20221003150600 20221003150312
20221003150600 20221014185950
20221003150700 20221014185918
20221003150700 20221003150709
20221003150800 20221014185852
20221003150800 20221003150330
20221003150800 20221007220451
20221003150800 20221003150801
20221003150900 20221014185808
20221003150900 20221009005402
20221003150900 20221003150901
20221003151000 20221014185733
20221003151000 20221003151004
20221003151100 20221014185658
20221003151100 20221009005402
20221003151100 20221003151101
20221003151200 20221003151085
20221003151200 20221014185609
20221003151200 20221003151150
20221003151200 20221003150257
20221003151200 20221013185656
20221003151200 20221003150436
20221003151200 20221003150426
20221003151200 20221003151056
20221003151200 20221003151055
20221003151200 20221003151059
20221003151200 20221003151169
20221003151200 20221009102436
20221003151200 20221003151210
20221003151200 20221003151207
20221003151200 20221003151153
20221003151200 20221003151375
20221003151300 20221014190257
20221003151300 20221003151329
20221003151300 20221003151299
20221003151300 20221003151276
20221003151300 20221003150662
20221003151400 20221014185450
20221003151400 20221014154703
20221003151400 20221007043259
20221003151400 20221003151424
20221008212000 20221003151335
20221008212000 20221015005557
20221008212000 20221014213559
20221008212000 20221014205906
20221008212000 20221014071406
20221008212000 20221003150248
20221008212000 20221013185120
20221008212000 20221003150255
20221008212000 20221003150293
20221008212000 20221003150328
20221008212000 20221013035616
20221008212000 20221012154059
20221008212000 20221012154324
20221008212000 20221012153019
20221008212000 20221012153227
20221008212000 20221009015032
20221008212000 20221008214631
20221008212000 20221008024933
20221008212000 20221003150590
20221008212000 20221003150946
20221008212000 20221003151299
20221008212000 20221003151332
20221008212000 20221003151424
20221008212000 20221003151329
20221008215400 20221022232952
20221008215400 20221003150179
20221008215400 20221019150908
20221008215400 20221019143615
20221008215400 20221018174628
20221008215400 20221018125400
20221008215400 20221018050715
20221008215400 20221003150464
20221008215400 20221003151325
20221008215400 20221015020830
20221008215400 20221014222109
20221008215400 20221014074318
20221008215400 20221014073148
20221008215400 20221003150097
20221008215400 20221003150136
20221008215400 20221003150132
20221008215400 20221003150276
20221008215400 20221013185406
20221008215400 20221011145143
20221008215400 20221010064819
20221008215400 20221009172351
20221008215400 20221009015743
20221008215400 20221008213458
20221008215400 20221008215139
20221008215400 20221008213254
20221008215400 20221003150193
20221009014200 20221003150156
20221009014200 20221020000848
20221009014200 20221003151335
20221009014200 20221003151289
20221009014200 20221003150600
20221009014200 20221003150673
20221009014200 20221003150611
20221009014200 20221003150210
20221009014200 20221003150698
20221009014200 20221018174628
20221009014200 20221003150862
20221009014200 20221003150724
20221009014200 20221003150791
20221009014200 20221018145628
20221009014200 20221003150175
20221009014200 20221003150709
20221009014200 20221003150640
20221009014200 20221003151268
20221009014200 20221003151325
20221009014200 20221015064621
20221009014200 20221014190227
20221009014200 20221014190221
20221009014200 20221014190204
20221009014200 20221014190157
20221009014200 20221014190146
20221009014200 20221014190138
20221009014200 20221014190117
20221009014200 20221014190109
20221009014200 20221014190044
20221009014200 20221014190037
20221009014200 20221014190005
20221009014200 20221014190004
20221009014200 20221014190001
20221009014200 20221014185952
20221009014200 20221014185949
20221009014200 20221014185947
20221009014200 20221014185946
20221009014200 20221014185944
20221009014200 20221014185943
20221009014200 20221014185941
20221009014200 20221014185940
20221009014200 20221014185938
20221009014200 20221014185936
20221009014200 20221014185935
20221009014200 20221014185933
20221009014200 20221014185932
20221009014200 20221014185930
20221009014200 20221014185927
20221009014200 20221014185926
20221009014200 20221014185924
20221009014200 20221014185923
20221009014200 20221014185921
20221009014200 20221014185920
20221009014200 20221014185918
20221009014200 20221014185917
20221009014200 20221014185915
20221009014200 20221014185914
20221009014200 20221014185912
20221009014200 20221014185911
20221009014200 20221014185909
20221009014200 20221014185908
20221009014200 20221014185906
20221009014200 20221014185905
20221009014200 20221014185903
20221009014200 20221014185901
20221009014200 20221014185900
20221009014200 20221014185858
20221009014200 20221014185857
20221009014200 20221014185855
20221009014200 20221014185854
20221009014200 20221014185852
20221009014200 20221014185851
20221009014200 20221014185849
20221009014200 20221014185848
20221009014200 20221014185846
20221009014200 20221014185845
20221009014200 20221014185843
20221009014200 20221014185842
20221009014200 20221014185840
20221009014200 20221014185839
20221009014200 20221014185837
20221009014200 20221014185836
20221009014200 20221014185834
20221009014200 20221014185833
20221009014200 20221014185831
20221009014200 20221014185829
20221009014200 20221014185828
20221009014200 20221014185826
20221009014200 20221014185825
20221009014200 20221014185823
20221009014200 20221014185822
20221009014200 20221014185810
20221009014200 20221014185808
20221009014200 20221014185709
20221009014200 20221014185703
20221009014200 20221014185657
20221009014200 20221003150798
20221009014200 20221003150720
20221009014200 20221003150665
20221009014200 20221003150748
20221009014200 20221003150097
20221009014200 20221003150136
20221009014200 20221003150211
20221009014200 20221003150199
20221009014200 20221003150934
20221009014200 20221003150276
20221009014200 20221003150352
20221009014200 20221003150874
20221009014200 20221003150726
20221009014200 20221003150631
20221009014200 20221009165318
20221009014200 20221009015743
20221009014200 20221008214827
20221009014200 20221008212802
20221009014200 20221008061334
20221009014200 20221008061845
20221009014200 20221003150067
20221009014200 20221009013945
20221009014200 20221003151284
20221009014200 20221003151305
20221009014200 20221003150129
20221009014200 20221003150184
20221009014200 20221018050715
20221009192000 20221014074726
20221009192000 20221014024704
20221009192000 20221013204452
20221009192000 20221013035616
20221009192000 20221006213953
20221009192000 20221008061845
20221009192000 20221011092421
20221009192000 20221007043259
20221009192000 20221011155715
20221009192000 20221008042814
20221009192000 20221008061334
20221009192000 20221009104752
20221009192000 20221007185940
20221009192000 20221003151172
20221009192000 20221011181347
20221009192000 20221009172522
20221009192000 20221003151207
20221009192000 20221006032546
20221009192000 20221009023024
20221009192000 20221010184202
20221009192000 20221007182026
20221009192000 20221008063052
20221009192000 20221009100510
20221009192000 20221009005402
20221009192000 20221007220451
20221009192000 20221009102436
20221009192000 20221008183326
20221009192000 20221007043646
20221009192000 20221006013612
20221009192000 20221028033132
20221010150900 20221003150962
20221010150900 20221003150098
20221010150900 20221006200018
20221010150900 20221003151396
20221010150900 20221008221548
20221010150900 20221003150221
20221011183500 20221003151029
20221011183500 20221003151030
20221011183500 20221003151147
20221011183500 20221003150293
20221011183500 20221013190422
20221011183500 20221003150426
20221011183500 20221003150361
20221011183500 20221011181920
20221011183500 20221011181531
20221011183500 20221011181453
20221011183500 20221011181347
20221012065200 20221008183326
20221012065200 20221003150067
20221012065200 20221008061845
20221012065200 20221003150078
20221012065200 20221010180841
20221012065200 20221003150075
20221012065200 20221010222312
20221012065200 20221003150079
20221012171100 20221012144502
20221012171100 20221028161058
20221012171100 20221028172836
20221012171100 20221028173620
20221012171100 20221024180316
20221012171100 20221024210849
20221012171100 20221024213239
20221012171100 20221024215216
20221012171100 20221025005842
20221012171100 20221025024238
20221012171100 20221025025810
20221012171100 20221025045053
20221012171100 20221025045945
20221012171100 20221025184026
20221012171100 20221025221046
20221012171100 20221025221321
20221012171100 20221026060602
20221012171100 20221026064448
20221012171100 20221026074040
20221012171100 20221026080325
20221012171100 20221026133841
20221012171100 20221026135114
20221012171100 20221026135851
20221012171100 20221026152737
20221012171100 20221026165857
20221012171100 20221026181955
20221012171100 20221026182432
20221012171100 20221026190658
20221012171100 20221027011800
20221012171100 20221027134758
20221012171100 20221027150053
20221012171100 20221027164646
20221012171100 20221027194304
20221012171100 20221028014614
20221012171100 20221028021608
20221012171100 20221028023010
20221012171100 20221028032005
20221012171100 20221028033132
20221012171100 20221028085630
20221012171100 20221028175711
20221012171100 20221028185008
20221012171100 20221028194014
20221012171100 20221028195517
20221012171100 20221028200515
20221014185600 20221016233558
20221014185600 20221016233512
20221014185600 20221016233630
20221014185600 20221016233625
20221014185600 20221016233556
20221014185600 20221016233551
20221014185600 20221016233542
20221014185600 20221016233534
20221014185600 20221016233516
20221014185600 20221016233503
20221014185600 20221016233648
20221014185600 20221016233644
20221014185600 20221016233642
20221014185600 20221016233633
20221014185600 20221016233618
20221014185600 20221016233735
20221014185600 20221016233716
20221014185600 20221016233710
20221014185600 20221003151209
20221014185600 20221003151208
20221014185600 20221003151210
20221014185600 20221003151443
20221014185700 20221016233637
20221014185700 20221003151095
20221014185700 20221003151096
20221014185700 20221003151097
20221014185700 20221003151443
20221014185900 20221016233653
20221014185900 20221009014200
20221014185900 20221003150780
20221014185900 20221003150779
20221014185900 20221003150778
20221014185900 20221003151443
20221014190100 20221003150276
20221014190100 20221003150275
20221014190100 20221016233512
20221014190100 20221003151443
20221014190200 20221016233700
20221014190200 20221003150143
20221014190200 20221003150142
20221014190200 20221003150141
20221014190200 20221003151443
20221016233300 20221016233301
20221016233300 20221014190213
20221016233300 20221016233258
20221016233500 20221006214729
20221016233500 20221016233502
20221016233500 20221014185617
20221016233500 20221014185619
20221016233500 20221014190241
20221016233500 20221016233458
20221016233700 20221016233702
20221016233700 20221014185629
20221016233700 20221014185944
20221016233700 20221014185622
20221016233700 20221014185619
20221016233700 20221014190200
20221016233700 20221016233658
20221018125400 20221018174628
20221018125400 20221013194055
20221018125400 20221008215400
20221018125400 20221006025730
20221018125400 20221006025356
20221018125400 20221003150140
20221018125400 20221006213130
20221018125400 20221017180938
20221018125400 20221007220451
20221018125400 20221014190134
20221020044600 20221003150182
20221020044600 20221014160551
20221020044600 20221012070318
20221020044600 20221003150179
20221027011800 20221006032546
20221027011800 20221008042814
20221027011800 20221003151299
20221027011800 20221012171100
