20221003150101 20221014185507
20221003150101 20221003150315
20221003150101 20221007043259
20221003150101 20221003150104
20221003150101 20221025184026
20221003150201 20221003150200
20221003150201 20221017154727
20221003150201 20221014190128
20221003150201 20221012070318
20221003150301 20221022210719
20221003150301 20221014190056
20221003150301 20221003150302
20221003150301 20221003150300
20221003150501 20221014190022
20221003150501 20221003150503
20221003150601 20221020154329
20221003150601 20221003150114
20221003150601 20221003150107
20221003150601 20221014185949
20221003150601 20221007220451
20221003150601 20221003150604
20221003150701 20221014185918
20221003150701 20221003150709
20221003150801 20221014185852
20221003150801 20221003150330
20221003150801 20221003150271
20221003150801 20221003150332
20221003150801 20221003150726
20221003150801 20221003150800
20221003150801 20221003150799
20221003150801 20221005200242
20221003150901 20221014185808
20221003150901 20221009005402
20221003150901 20221003150920
20221003150901 20221003150900
20221003150901 20221003150899
20221003150901 20221003150898
20221003150901 20221003150897
20221003150901 20221005200242
20221003151001 20221014185733
20221003151001 20221003151004
20221003151101 20221003150488
20221003151101 20221003150479
20221003151101 20221003150476
20221003151101 20221014185658
20221003151101 20221009005402
20221003151101 20221008212802
20221003151101 20221006214729
20221003151101 20221003151100
20221003151101 20221003151099
20221003151101 20221003151098
20221003151101 20221005200242
20221003151201 20221014185608
20221003151201 20221003151172
20221003151201 20221013184806
20221003151201 20221003151207
20221003151201 20221003151153
20221003151201 20221003151144
20221003151201 20221003150779
20221003151201 20221003150488
20221003151201 20221003150250
20221003151301 20221015065151
20221003151301 20221003151440
20221003151301 20221003151413
20221003151301 20221003151397
20221003151301 20221003150172
20221003151301 20221003151299
20221003151301 20221014190256
20221003151301 20221006010531
20221003151401 20221014185450
20221003151401 20221003151424
20221003151401 20221003151402
20221003151401 20221003151403
20221012135301 20221003150198
20221012135301 20221012135747
20221012135301 20221008212519
20221012135301 20221003150067
20221012135301 20221008212802
20221012135301 20221012134856
20221014185501 20221003150073
20221014185501 20221016233254
20221014185501 20221003151443
20221014185701 20221016233648
20221014185701 20221003151094
20221014185701 20221003151093
20221014185701 20221003151092
20221014185701 20221003151443
20221014185801 20221016233328
20221014185801 20221003150931
20221014185801 20221003150932
20221014185801 20221003150933
20221014185801 20221003150930
20221014185801 20221003151443
20221014185901 20221016233637
20221014185901 20221016233458
20221014185901 20221016233601
20221014185901 20221016233427
20221014185901 20221009014200
20221014185901 20221013222124
20221014185901 20221003150763
20221014185901 20221003150760
20221014185901 20221003150767
20221014185901 20221003150768
20221014185901 20221003150773
20221014185901 20221003150772
20221014185901 20221003150774
20221014185901 20221003150756
20221014185901 20221003150769
20221014185901 20221003150777
20221014185901 20221003150764
20221014185901 20221003150770
20221014185901 20221003150776
20221014185901 20221003150758
20221014185901 20221003150761
20221014185901 20221003150775
20221014185901 20221003150766
20221014185901 20221003150759
20221014185901 20221003150771
20221014185901 20221003150757
20221014185901 20221003150765
20221014185901 20221003150762
20221014185901 20221003151443
20221014190001 20221019220305
20221014190001 20221003150549
20221014190001 20221003150569
20221014190001 20221003150568
20221014190001 20221003150567
20221014190001 20221003150566
20221014190001 20221003150565
20221014190001 20221003150564
20221014190001 20221003150563
20221014190001 20221003150562
20221014190001 20221003150561
20221014190001 20221003150560
20221014190001 20221003150559
20221014190001 20221003150558
20221014190001 20221003150557
20221014190001 20221003150556
20221014190001 20221003150555
20221014190001 20221003150554
20221014190001 20221003150551
20221014190001 20221003150550
20221014190001 20221016233507
20221014190001 20221016233505
20221014190001 20221016233503
20221014190001 20221016233334
20221014190001 20221016233323
20221014190001 20221016233314
20221014190001 20221016233311
20221014190001 20221016233309
20221014190001 20221016233455
20221014190001 20221016233439
20221014190001 20221016233427
20221014190001 20221009014200
20221014190001 20221003150552
20221014190001 20221003150553
20221014190001 20221003151443
20221014190201 20221016233414
20221014190201 20221016233505
20221014190201 20221003150140
20221014190201 20221003150139
20221014190201 20221003150138
20221014190201 20221003151443
20221014190301 20221016233505
20221014190301 20221016233318
20221014190301 20221003151294
20221014190301 20221003151295
20221014190301 20221003151293
20221014190301 20221003151443
20221016233301 20221012153843
20221016233301 20221016233303
20221016233301 20221014185516
20221016233301 20221016233300
20221016233401 20221006215135
20221016233401 20221016233402
20221016233401 20221014185938
20221016233401 20221014185836
20221016233401 20221014185858
20221016233401 20221014185817
20221016233401 20221014185943
20221016233401 20221016233359
20221016233601 20221016233603
20221016233601 20221014185622
20221016233601 20221014185715
20221016233601 20221014190010
20221016233601 20221014185901
20221016233601 20221014190047
20221016233601 20221014185525
20221016233601 20221016233559
20221017033801 20221006213821
20221017033801 20221017033638
