20221003150102 20221014185507
20221003150102 20221003150450
20221003150102 20221003150104
20221003150102 20221025184026
20221003150202 20221013222124
20221003150202 20221007062330
20221003150202 20221006025356
20221003150302 20221022210719
20221003150302 20221014190056
20221003150302 20221003150301
20221003150502 20221014190022
20221003150502 20221003150503
20221003150602 20221013222124
20221003150602 20221014185949
20221003150602 20221003150604
20221003150702 20221014185918
20221003150702 20221003150709
20221003150802 20221014185851
20221003150802 20221003150804
20221003150902 20221014185808
20221003150902 20221009005402
20221003150902 20221003150920
20221003151002 20221014185733
20221003151002 20221003151004
20221003151102 20221014185658
20221003151102 20221003151124
20221003151202 20221014185606
20221003151202 20221003151172
20221003151202 20221009102436
20221003151202 20221003150644
20221003151202 20221003150242
20221003151302 20221014190254
20221003151302 20221008213254
20221003151302 20221008070202
20221003151302 20221003151332
20221003151302 20221003151329
20221003151302 20221003151299
20221003151402 20221003151401
20221003151402 20221014185450
20221003151402 20221003151424
20221003151402 20221003151403
20221008070202 20221003151302
20221008070202 20221008213254
20221008070202 20221008061845
20221008070202 20221003150105
20221008070202 20221003151363
20221008070202 20221003151309
20221008070202 20221003151424
20221008070202 20221006010531
20221008070202 20221006025356
20221008070202 20221003151341
20221008070202 20221003151441
20221008070202 20221003151338
20221008212802 20221003150462
20221008212802 20221003150623
20221008212802 20221020000848
20221008212802 20221003150210
20221008212802 20221003150659
20221008212802 20221019003259
20221008212802 20221003150191
20221008212802 20221018174628
20221008212802 20221018152638
20221008212802 20221003150791
20221008212802 20221018152809
20221008212802 20221003150798
20221008212802 20221003150176
20221008212802 20221017070405
20221008212802 20221015041944
20221008212802 20221015024136
20221008212802 20221003150174
20221008212802 20221015004916
20221008212802 20221015005249
20221008212802 20221015005557
20221008212802 20221014181941
20221008212802 20221003150080
20221008212802 20221014160244
20221008212802 20221014071406
20221008212802 20221003150118
20221008212802 20221003150357
20221008212802 20221003150449
20221008212802 20221003150459
20221008212802 20221003151274
20221008212802 20221008021753
20221008212802 20221012154324
20221008212802 20221012153227
20221008212802 20221012135301
20221008212802 20221012134544
20221008212802 20221012134856
20221008212802 20221012082959
20221008212802 20221011180032
20221008212802 20221011175948
20221008212802 20221011175709
20221008212802 20221011145143
20221008212802 20221010175613
20221008212802 20221010180841
20221008212802 20221009172522
20221008212802 20221009021452
20221008212802 20221009014200
20221008212802 20221009005402
20221008212802 20221008221822
20221008212802 20221008213458
20221008212802 20221008214827
20221008212802 20221008213122
20221008212802 20221008213357
20221008212802 20221008212929
20221008212802 20221003151153
20221008212802 20221006025356
20221008212802 20221003150282
20221008212802 20221003150250
20221008212802 20221003150673
20221008212802 20221003151335
20221008212802 20221003151101
20221008212802 20221003151284
20221008212802 20221003151305
20221008212802 20221003150246
20221008212802 20221003150247
20221008212802 20221026181955
20221009005402 20221003151020
20221009005402 20221003151223
20221009005402 20221003151260
20221009005402 20221017182053
20221009005402 20221015012530
20221009005402 20221014062642
20221009005402 20221003150195
20221009005402 20221003151192
20221009005402 20221009192000
20221009005402 20221009102436
20221009005402 20221003151106
20221009005402 20221003151040
20221009005402 20221003150425
20221009005402 20221003151066
20221009005402 20221003151093
20221009005402 20221003151207
20221009005402 20221003150934
20221009005402 20221003151153
20221009005402 20221003151175
20221009005402 20221003150561
20221009005402 20221003150275
20221009005402 20221003151246
20221009005402 20221003151245
20221009005402 20221003150112
20221009005402 20221003150564
20221009005402 20221003150562
20221009005402 20221003150614
20221009005402 20221003150563
20221009005402 20221003151259
20221009005402 20221003150356
20221009005402 20221003151236
20221009005402 20221003150983
20221009005402 20221003150830
20221009005402 20221003150829
20221009005402 20221003150985
20221009005402 20221003150984
20221009005402 20221003150987
20221009005402 20221003150344
20221009005402 20221003150751
20221009005402 20221003150752
20221009005402 20221003150753
20221009005402 20221003150739
20221009005402 20221003150846
20221009005402 20221003150658
20221009005402 20221003150733
20221009005402 20221003150974
20221009005402 20221003150831
20221009005402 20221003150893
20221009005402 20221003150282
20221009005402 20221003150313
20221009005402 20221003150295
20221009005402 20221003150803
20221009005402 20221003150804
20221009005402 20221003150806
20221009005402 20221003150807
20221009005402 20221003150805
20221009005402 20221003150857
20221009005402 20221003150346
20221009005402 20221003151174
20221009005402 20221003151198
20221009005402 20221003150312
20221009005402 20221003151206
20221009005402 20221003151261
20221009005402 20221003151208
20221009005402 20221003151361
20221009005402 20221003151041
20221009005402 20221003150338
20221009005402 20221003150446
20221009005402 20221003151197
20221009005402 20221003151173
20221009005402 20221008213825
20221009005402 20221003150578
20221009005402 20221003151012
20221009005402 20221003151225
20221009005402 20221003150581
20221009005402 20221003151010
20221009005402 20221003151011
20221009005402 20221003151008
20221009005402 20221003151014
20221009005402 20221003150613
20221009005402 20221003150863
20221009005402 20221003151013
20221009005402 20221003150607
20221009005402 20221003151132
20221009005402 20221003150484
20221009005402 20221003151131
20221009005402 20221003150485
20221009005402 20221003151135
20221009005402 20221003151140
20221009005402 20221003151130
20221009005402 20221003150778
20221009005402 20221003150486
20221009005402 20221003151141
20221009005402 20221003151026
20221009005402 20221003151136
20221009005402 20221003151137
20221009005402 20221003151172
20221009005402 20221003151129
20221009005402 20221003151144
20221009005402 20221003150488
20221009005402 20221006025356
20221009005402 20221003151143
20221009005402 20221007062330
20221009005402 20221003150334
20221009005402 20221003150859
20221009005402 20221008194048
20221009005402 20221003150432
20221009005402 20221006215135
20221009005402 20221003150919
20221009005402 20221003150903
20221009005402 20221003150912
20221009005402 20221003150902
20221009005402 20221003150900
20221009005402 20221003150898
20221009005402 20221003150906
20221009005402 20221003150897
20221009005402 20221003150905
20221009005402 20221003150895
20221009005402 20221003150918
20221009005402 20221003150913
20221009005402 20221003150907
20221009005402 20221003151061
20221009005402 20221003150899
20221009005402 20221003150894
20221009005402 20221003150904
20221009005402 20221003150914
20221009005402 20221003150915
20221009005402 20221003150916
20221009005402 20221003150917
20221009005402 20221003150901
20221009005402 20221003150920
20221009005402 20221003150683
20221009005402 20221003150643
20221009005402 20221003150596
20221009005402 20221003150873
20221009005402 20221003150909
20221009005402 20221003150437
20221009005402 20221003150442
20221009005402 20221003150444
20221009005402 20221007194303
20221009005402 20221003150798
20221009005402 20221003150821
20221009005402 20221003150820
20221009005402 20221003150740
20221009005402 20221003150823
20221009005402 20221003150822
20221009005402 20221003150744
20221009005402 20221003151179
20221009005402 20221003150458
20221009005402 20221003151076
20221009005402 20221006025730
20221009005402 20221003150554
20221009005402 20221003150933
20221009005402 20221003151235
20221009005402 20221003151244
20221009005402 20221003151325
20221009005402 20221003151277
20221009005402 20221008214827
20221009005402 20221003150786
20221009005402 20221003150676
20221009005402 20221003150674
20221009005402 20221003150967
20221009005402 20221003150677
20221009005402 20221003150675
20221009005402 20221003150939
20221009005402 20221003150505
20221009005402 20221003150506
20221009005402 20221003150504
20221009005402 20221003151363
20221009005402 20221003150105
20221009005402 20221003150509
20221009005402 20221003150508
20221009005402 20221003150500
20221009005402 20221003150749
20221009005402 20221003150671
20221009005402 20221003150750
20221009005402 20221003151374
20221009005402 20221003150745
20221009005402 20221003150672
20221009005402 20221003150670
20221009005402 20221003150972
20221009005402 20221003150673
20221009005402 20221003150870
20221009005402 20221003150507
20221009005402 20221003150877
20221009005402 20221003151058
20221009005402 20221003150316
20221009005402 20221003150729
20221009005402 20221003150474
20221009005402 20221003151133
20221009005402 20221003150468
20221009005402 20221003150467
20221009005402 20221003151098
20221009005402 20221003150473
20221009005402 20221003151079
20221009005402 20221003150475
20221009005402 20221003151082
20221009005402 20221003151099
20221009005402 20221003150470
20221009005402 20221003151100
20221009005402 20221003150728
20221009005402 20221003151171
20221009005402 20221003150569
20221009005402 20221003150469
20221009005402 20221003150466
20221009005402 20221003151049
20221009005402 20221003150435
20221009005402 20221003151101
20221009005402 20221003150476
20221009005402 20221003150612
20221009005402 20221003151084
20221009005402 20221003151227
20221009005402 20221003151085
20221009005402 20221003150273
20221009005402 20221003150327
20221009005402 20221003151088
20221009005402 20221003150560
20221009005402 20221003150774
20221009005402 20221003150769
20221009005402 20221003150764
20221009005402 20221003150762
20221009005402 20221003150766
20221009005402 20221003150517
20221009005402 20221003150544
20221009005402 20221003150540
20221009005402 20221003150546
20221009005402 20221003150542
20221009005402 20221003150547
20221009005402 20221003150543
20221009005402 20221003150545
20221009005402 20221003150539
20221009005402 20221003150548
20221009005402 20221003150538
20221009005402 20221003150541
20221009005402 20221003151240
20221009005402 20221003151054
20221009005402 20221003151074
20221009005402 20221003151075
20221009005402 20221003151362
20221009005402 20221003151209
20221009005402 20221003150926
20221009005402 20221003150938
20221009005402 20221003151142
20221009005402 20221003151205
20221009005402 20221008213357
20221009005402 20221008212802
20221009005402 20221003150140
20221009005402 20221003151161
20221009005402 20221003150942
20221009005402 20221003151091
20221009005402 20221003150143
20221009005402 20221003150503
20221009005402 20221006213130
20221009005402 20221003150465
20221009005402 20221003150511
20221009005402 20221006215353
20221009005402 20221003151290
20221009005402 20221003150489
20221009005402 20221003151031
20221009005402 20221003150884
20221009005402 20221003150945
20221009005402 20221003150730
20221009005402 20221003150944
20221009005402 20221003150464
20221009005402 20221003150463
20221009005402 20221003150946
20221009005402 20221003151226
20221009005402 20221003150587
20221009005402 20221003150576
20221009005402 20221003150590
20221009005402 20221003150592
20221009005402 20221003150582
20221009005402 20221003150558
20221009005402 20221003150434
20221009005402 20221003151181
20221009005402 20221003151410
20221009005402 20221003151425
20221009005402 20221003150639
20221009005402 20221003150743
20221009005402 20221003150849
20221009005402 20221003151190
20221009005402 20221003151183
20221009005402 20221003150290
20221009005402 20221003150741
20221009005402 20221003150742
20221009005402 20221003151180
20221009005402 20221003150666
20221009005402 20221003150841
20221009005402 20221003151185
20221009005402 20221003151186
20221009005402 20221003151182
20221009005402 20221003151187
20221009005402 20221003151191
20221009005402 20221003151184
20221009005402 20221003151188
20221009005402 20221003151193
20221009005402 20221003151213
20221009005402 20221003151177
20221009005402 20221006213649
20221009005402 20221006214348
20221009005402 20221006214729
20221009005402 20221003151332
20221009005402 20221003151329
20221009005402 20221003151424
20221009005402 20221003151299
20221009005402 20221006213953
20221009005402 20221007044552
20221009005402 20221007220451
20221009005402 20221006214142
20221009005402 20221006213311
20221009005402 20221003150360
20221010184202 20221014073148
20221010184202 20221009095853
20221010184202 20221006032546
20221010184202 20221009192000
20221010184202 20221009023024
20221010184202 20221007043646
20221010184202 20221009100510
20221010184202 20221003150797
20221010184202 20221010182027
20221010184202 20221007193634
20221010184202 20221003150160
20221010184202 20221008190117
20221010184202 20221006153641
20221010184202 20221003150798
20221010184202 20221003150962
20221010184202 20221007193324
20221010184202 20221009012547
20221010184202 20221007194303
20221012144502 20221006054727
20221012144502 20221009095853
20221012144502 20221012171100
20221012144502 20221008061845
20221012144502 20221003151371
20221012144502 20221006084204
20221012144502 20221009012547
20221012144502 20221008182309
20221012144502 20221003150798
20221012144502 20221011153359
20221012144502 20221008063052
20221012144502 20221006032546
20221014185502 20221003150072
20221014185502 20221016233427
20221014185502 20221016233258
20221014185502 20221003151443
20221014185602 20221016233632
20221014185602 20221016233542
20221014185602 20221016233650
20221014185602 20221016233648
20221014185602 20221016233642
20221014185602 20221016233641
20221014185602 20221016233637
20221014185602 20221016233618
20221014185602 20221016233603
20221014185602 20221016233525
20221014185602 20221016233518
20221014185602 20221016233503
20221014185602 20221003151206
20221014185602 20221003151207
20221014185602 20221003151205
20221014185602 20221003151443
20221014185802 20221016233530
20221014185802 20221016233512
20221014185802 20221003150928
20221014185802 20221003150929
20221014185802 20221003150927
20221014185802 20221003151443
20221014190002 20221016233605
20221014190002 20221003150535
20221014190002 20221003150533
20221014190002 20221003150543
20221014190002 20221003150541
20221014190002 20221003150546
20221014190002 20221003150540
20221014190002 20221003150547
20221014190002 20221003150542
20221014190002 20221003150539
20221014190002 20221003150534
20221014190002 20221003150538
20221014190002 20221003150545
20221014190002 20221003150548
20221014190002 20221003150544
20221014190002 20221003150537
20221014190002 20221003150536
20221014190002 20221003151443
20221014190102 20221016233512
20221014190102 20221003150272
20221014190102 20221003150273
20221014190102 20221003150274
20221014190102 20221003151443
20221016233402 20221006214348
20221016233402 20221016233404
20221016233402 20221014190151
20221016233402 20221014185849
20221016233402 20221016233401
20221016233502 20221016233503
20221016233502 20221014185848
20221016233502 20221014185953
20221016233502 20221014185808
20221016233502 20221016233500
20221016233702 20221016233703
20221016233702 20221014185619
20221016233702 20221014185721
20221016233702 20221014190039
20221016233702 20221014190105
20221016233702 20221016233700
20221017060902 20221003151188
20221017060902 20221003151184
20221017060902 20221009102436
20221017060902 20221003151194
20221018050302 20221018190312
20221018050302 20221018155432
20221018050302 20221018050715
20221018050302 20221009165318
20221018050302 20221010222312
20221018050302 20221003151299
20221018050302 20221008042814
20221018050302 20221008061845
20221026060602 20221006032546
20221026060602 20221014154703
20221026060602 20221003150798
20221026060602 20221008182309
20221026060602 20221008042814
20221026060602 20221006084204
