20221003150103 20221014185507
20221003150103 20221003150315
20221003150103 20221003150104
20221003150103 20221025184026
20221003150203 20221014185524
20221003150203 20221009015558
20221003150203 20221003150207
20221003150303 20221022210719
20221003150303 20221014190056
20221003150303 20221003150304
20221003150503 20221003150515
20221003150503 20221014190022
20221003150503 20221003150523
20221003150503 20221003150518
20221003150503 20221009005402
20221003150503 20221003150502
20221003150503 20221003150501
20221003150503 20221005200242
20221003150603 20221013222124
20221003150603 20221014185949
20221003150603 20221003150604
20221003150703 20221014185918
20221003150703 20221003150709
20221003150803 20221014185851
20221003150803 20221009005402
20221003150803 20221003150804
20221003150903 20221014185808
20221003150903 20221009005402
20221003150903 20221003150920
20221003151003 20221014185733
20221003151003 20221003150998
20221003151003 20221003151004
20221003151203 20221014185605
20221003151203 20221003151172
20221003151203 20221014164014
20221003151203 20221003150242
20221003151203 20221003150628
20221003151203 20221003151207
20221003151203 20221003151153
20221003151203 20221003151144
20221003151203 20221009102436
20221003151303 20221014190253
20221003151303 20221003151305
20221003151303 20221003151306
20221003151403 20221003151401
20221003151403 20221014185450
20221003151403 20221010064819
20221003151403 20221003151424
20221003151403 20221005200242
20221003151403 20221003151402
20221003151403 20221003151209
20221003151403 20221003151213
20221006020303 20221020193850
20221006020303 20221017091309
20221006020303 20221015010704
20221006020303 20221013185251
20221006020303 20221012145054
20221006020303 20221012093513
20221006020303 20221011193153
20221006020303 20221011175709
20221006020303 20221011153359
20221006020303 20221009211130
20221006020303 20221007043259
20221006020303 20221006213953
20221006020303 20221006204315
20221006020303 20221011134623
20221006020303 20221010155109
20221006020303 20221006145626
20221006020303 20221006013313
20221006020303 20221009183745
20221006135903 20221012221003
20221006191703 20221014142356
20221006191703 20221007205652
20221006191703 20221003151314
20221006191703 20221003151315
20221006191703 20221003151310
20221006191703 20221003151311
20221006191703 20221003151313
20221006191703 20221003151330
20221006191703 20221003151331
20221006191703 20221003151326
20221006191703 20221003151327
20221006191703 20221003151372
20221006191703 20221003151328
20221006191703 20221003151350
20221006191703 20221003151332
20221006191703 20221003151329
20221006191703 20221003151424
20221006191703 20221006035818
20221006191703 20221006033248
20221007194303 20221019141821
20221007194303 20221017091309
20221007194303 20221015041944
20221007194303 20221015010931
20221007194303 20221015005218
20221007194303 20221014222109
20221007194303 20221014073148
20221007194303 20221014071406
20221007194303 20221003150240
20221007194303 20221003150356
20221007194303 20221003150445
20221007194303 20221003150440
20221007194303 20221013171453
20221007194303 20221003150456
20221007194303 20221003150439
20221007194303 20221012152421
20221007194303 20221012152319
20221007194303 20221012134544
20221007194303 20221012095659
20221007194303 20221012093513
20221007194303 20221011192157
20221007194303 20221010184202
20221007194303 20221010182027
20221007194303 20221010180141
20221007194303 20221010161950
20221007194303 20221010152742
20221007194303 20221010064819
20221007194303 20221010054621
20221007194303 20221007193634
20221007194303 20221006153641
20221007194303 20221003150443
20221007194303 20221003150798
20221007194303 20221007193324
20221007194303 20221009012547
20221007194303 20221009005402
20221007194303 20221008214406
20221007194303 20221008190117
20221007194303 20221008195148
20221007194303 20221008182309
20221007194303 20221008181005
20221007194303 20221008063052
20221007194303 20221008061334
20221007194303 20221007200304
20221007194303 20221003151178
20221007194303 20221003151023
20221007194303 20221003150952
20221007194303 20221003150442
20221007194303 20221003150444
20221007194303 20221009032056
20221007194303 20221009183745
20221007194303 20221025045945
20221007194303 20221026074040
20221007194303 20221026182432
20221007194303 20221003150380
20221007194303 20221003151367
20221012221003 20221014185643
20221012221003 20221003151160
20221012221003 20221013035124
20221012221003 20221005194814
20221012221003 20221008042814
20221012221003 20221006013612
20221012221003 20221006135903
20221012221003 20221006153444
20221012221003 20221006140015
20221012221003 20221006140122
20221012221003 20221006153432
20221012221003 20221006140135
20221014154703 20221014201909
20221014154703 20221014154934
20221014154703 20221008214935
20221014154703 20221008061845
20221014154703 20221003150798
20221014154703 20221006032546
20221014154703 20221008190117
20221014154703 20221003151400
20221014154703 20221012095659
20221014154703 20221026060602
20221014185603 20221003151204
20221014185603 20221016233618
20221014185603 20221016233648
20221014185603 20221016233635
20221014185603 20221016233623
20221014185603 20221016233451
20221014185603 20221016233725
20221014185603 20221016233710
20221014185603 20221016233540
20221014185603 20221016233530
20221014185603 20221003151443
20221014185703 20221016233451
20221014185703 20221009014200
20221014185703 20221003151090
20221014185703 20221003151091
20221014185703 20221003151443
20221014185903 20221016233552
20221014185903 20221009014200
20221014185903 20221003150754
20221014185903 20221003150755
20221014185903 20221003151443
20221014190103 20221003150271
20221014190103 20221016233512
20221014190103 20221003151443
20221014190203 20221003150137
20221014190203 20221016233354
20221014190203 20221003151443
20221016233303 20221016233304
20221016233303 20221014190254
20221016233303 20221016233301
20221016233503 20221016233505
20221016233503 20221014190117
20221016233503 20221014185602
20221016233503 20221014185600
20221016233503 20221014190039
20221016233503 20221014190001
20221016233503 20221014185911
20221016233503 20221014190138
20221016233503 20221016233502
20221016233603 20221016233605
20221016233603 20221014185655
20221016233603 20221014190039
20221016233603 20221014190037
20221016233603 20221014185602
20221016233603 20221014185559
20221016233603 20221014185629
20221016233603 20221014190047
20221016233603 20221016233601
20221016233703 20221016233705
20221016233703 20221014185450
20221016233703 20221016233702
