20221003150104 20221025184026
20221003150104 20221003150103
20221003150104 20221003150102
20221003150104 20221003150101
20221003150104 20221003150315
20221003150104 20221003150105
20221003150104 20221014185507
20221003150104 20221003150316
20221003150204 20221014185524
20221003150204 20221009015558
20221003150204 20221003150207
20221003150304 20221022210719
20221003150304 20221014190056
20221003150304 20221003150303
20221003150504 20221018175658
20221003150504 20221013222124
20221003150504 20221014190021
20221003150504 20221014142356
20221003150504 20221009005402
20221003150504 20221003150508
20221003150604 20221020154329
20221003150604 20221003150107
20221003150604 20221013222124
20221003150604 20221014185949
20221003150604 20221003150116
20221003150604 20221003150603
20221003150604 20221003150602
20221003150604 20221003150601
20221003150704 20221014185918
20221003150704 20221007220451
20221003150704 20221003150709
20221003150804 20221014185851
20221003150804 20221009005402
20221003150804 20221003150807
20221003150804 20221003150803
20221003150804 20221003150802
20221003150904 20221014185808
20221003150904 20221003151258
20221003150904 20221009005402
20221003150904 20221003150920
20221003151004 20221014185733
20221003151004 20221013173355
20221003151004 20221003151006
20221003151004 20221003151003
20221003151004 20221003151002
20221003151004 20221003151001
20221003151004 20221003151000
20221003151004 20221003150999
20221003151004 20221005200242
20221003151104 20221014185657
20221003151104 20221003150328
20221003151104 20221008194048
20221003151104 20221003151105
20221003151104 20221003151106
20221003151204 20221014185603
20221003151204 20221003150751
20221003151204 20221003150985
20221003151204 20221003151233
20221003151204 20221003151232
20221003151204 20221003150257
20221003151204 20221003150436
20221003151204 20221003151055
20221003151204 20221003151059
20221003151204 20221009102436
20221003151204 20221003151285
20221003151204 20221003151236
20221003151204 20221003151192
20221003151204 20221003151188
20221003151204 20221003150988
20221003151204 20221003150987
20221003151204 20221003150984
20221003151204 20221003150983
20221003151204 20221003150981
20221003151204 20221003150980
20221003151204 20221003150979
20221003151204 20221003150829
20221003151204 20221003150826
20221003151204 20221003150380
20221003151304 20221014190253
20221003151304 20221003151305
20221003151304 20221003151306
20221003151404 20221014185450
20221003151404 20221003151424
20221006084204 20221022232952
20221006084204 20221021221931
20221006084204 20221021202250
20221006084204 20221020053629
20221006084204 20221018201513
20221006084204 20221015020830
20221006084204 20221015000510
20221006084204 20221014153143
20221006084204 20221014025416
20221006084204 20221013222336
20221006084204 20221013221136
20221006084204 20221013214821
20221006084204 20221013204452
20221006084204 20221013195816
20221006084204 20221013005916
20221006084204 20221012220453
20221006084204 20221010044240
20221006084204 20221012144502
20221006084204 20221006054727
20221006084204 20221012102144
20221006084204 20221011153359
20221006084204 20221007043259
20221006084204 20221011095447
20221006084204 20221010161950
20221006084204 20221008214406
20221006084204 20221009171616
20221006084204 20221009102918
20221006084204 20221009100510
20221006084204 20221007043646
20221006084204 20221006032546
20221006084204 20221008063052
20221006084204 20221006140520
20221006084204 20221008061334
20221006084204 20221006032933
20221006084204 20221008042814
20221006084204 20221026060602
20221006084204 20221026135851
20221006084204 20221026182432
20221007200304 20221013204452
20221007200304 20221011153230
20221007200304 20221006013313
20221007200304 20221006032546
20221007200304 20221010074318
20221007200304 20221008214406
20221007200304 20221009162538
20221007200304 20221008061334
20221007200304 20221003150551
20221007200304 20221006025356
20221007200304 20221003150067
20221007200304 20221003150798
20221007200304 20221007194303
20221011092204 20221017033638
20221011092204 20221007220451
20221011092204 20221006213953
20221011092204 20221008042814
20221011181704 20221011181605
20221011181704 20221011181629
20221011181704 20221011181347
20221014024704 20221013035124
20221014024704 20221009192000
20221014024704 20221008054439
20221014024704 20221006013612
20221014024704 20221013193405
20221014185504 20221016233424
20221014185504 20221016233505
20221014185504 20221003150071
20221014185504 20221003150069
20221014185504 20221003150068
20221014185504 20221003151443
20221014185704 20221016233507
20221014185704 20221003151089
20221014185704 20221003151087
20221014185704 20221003151088
20221014185704 20221003151086
20221014185704 20221003151443
20221014185804 20221016233505
20221014185804 20221016233323
20221014185804 20221003150926
20221014185804 20221003150924
20221014185804 20221003150925
20221014185804 20221003151443
20221014190004 20221016233505
20221014190004 20221016233420
20221014190004 20221009014200
20221014190004 20221003150530
20221014190004 20221003150531
20221014190004 20221003150532
20221014190004 20221003151443
20221014190204 20221003150136
20221014190204 20221016233404
20221014190204 20221009014200
20221014190204 20221003151443
20221015010704 20221008042814
20221015010704 20221006020303
20221015010704 20221003151178
20221016233304 20221016233306
20221016233304 20221014190239
20221016233304 20221016233303
20221016233404 20221006214729
20221016233404 20221016233406
20221016233404 20221014190204
20221016233404 20221014185849
20221016233404 20221016233402
20221019151504 20221008215655
20221019151504 20221013173355
20221019151504 20221003151184
20221019151504 20221003151186
20221019151504 20221006215135
20221019151504 20221019150908
20221023182804 20221013021614
20221023182804 20221009095853
20221027194304 20221007043259
20221027194304 20221006213953
20221027194304 20221006033248
20221027194304 20221008042814
20221027194304 20221028161058
20221027194304 20221012171100
