20221003150105 20221003151363
20221003150105 20221003150315
20221003150105 20221007023939
20221003150105 20221003150104
20221003150105 20221003150100
20221003150105 20221003150099
20221003150105 20221015005745
20221003150105 20221014213559
20221003150105 20221014185507
20221003150105 20221009005402
20221003150105 20221008070202
20221003150205 20221014185524
20221003150205 20221009015558
20221003150205 20221003150207
20221003150305 20221022210719
20221003150305 20221014190056
20221003150305 20221003150306
20221003150505 20221013222124
20221003150505 20221014190021
20221003150505 20221009005402
20221003150505 20221003150507
20221003150605 20221014185947
20221003150605 20221003150611
20221003150705 20221014185918
20221003150705 20221003150706
20221003150805 20221003150823
20221003150805 20221003150346
20221003150805 20221014185851
20221003150805 20221009005402
20221003150805 20221003150807
20221003150905 20221014185808
20221003150905 20221009005402
20221003150905 20221003150907
20221003151005 20221003150971
20221003151005 20221003151186
20221003151005 20221014185733
20221003151005 20221013173355
20221003151005 20221003150976
20221003151005 20221003150457
20221003151005 20221008061845
20221003151005 20221003151006
20221003151105 20221014185657
20221003151105 20221008194048
20221003151105 20221003151106
20221003151105 20221003151104
20221003151205 20221003151030
20221003151205 20221003151172
20221003151205 20221014185602
20221003151205 20221013190422
20221003151205 20221009102436
20221003151205 20221009005402
20221003151205 20221007220451
20221003151205 20221007044552
20221003151205 20221003151207
20221003151305 20221003151304
20221003151305 20221003151303
20221003151305 20221014190253
20221003151305 20221003151306
20221003151305 20221008212802
20221003151305 20221009014200
20221003151405 20221014185450
20221003151405 20221003151424
20221006051705 20221014222109
20221006051705 20221012145054
20221006051705 20221010161950
20221006051705 20221008214406
20221006051705 20221007182026
20221006051705 20221007175034
20221006051705 20221006140520
20221006051705 20221006032546
20221006051705 20221006013612
20221006051705 20221028161058
20221006051705 20221028194014
20221008181005 20221003151339
20221008181005 20221010064819
20221008181005 20221003151275
20221008181005 20221008042814
20221008181005 20221007044552
20221008181005 20221007193324
20221008181005 20221007194303
20221008181005 20221003150798
20221008181005 20221003151424
20221011181605 20221011181820
20221011181605 20221011181704
20221011181605 20221011181629
20221011181605 20221011181347
20221013193405 20221014062642
20221013193405 20221009095853
20221013193405 20221014024704
20221013193405 20221006013612
20221013193405 20221008063052
20221013193405 20221006032546
20221014185505 20221016233705
20221014185505 20221003150065
20221014185505 20221003150064
20221014185505 20221003150067
20221014185505 20221003150066
20221014185505 20221003151443
20221014185605 20221003151203
20221014185605 20221016233451
20221014185605 20221003151443
20221014185805 20221016233442
20221014185805 20221003150922
20221014185805 20221003150923
20221014185805 20221003151443
20221014185905 20221019143924
20221014185905 20221016233434
20221014185905 20221016233451
20221014185905 20221016233449
20221014185905 20221016233554
20221014185905 20221016233655
20221014185905 20221009014200
20221014185905 20221003150748
20221014185905 20221003150746
20221014185905 20221003150753
20221014185905 20221003150752
20221014185905 20221003150750
20221014185905 20221003150749
20221014185905 20221003150747
20221014185905 20221003150751
20221014185905 20221003151443
20221014190005 20221016233642
20221014190005 20221009014200
20221014190005 20221003150528
20221014190005 20221003150529
20221014190005 20221003151443
20221014190105 20221024131549
20221014190105 20221016233549
20221014190105 20221016233525
20221014190105 20221016233514
20221014190105 20221016233740
20221014190105 20221016233739
20221014190105 20221016233727
20221014190105 20221016233702
20221014190105 20221016233537
20221014190105 20221016233512
20221014190105 20221016233630
20221014190105 20221016233623
20221014190105 20221003150267
20221014190105 20221003150259
20221014190105 20221003150264
20221014190105 20221003150245
20221014190105 20221003150246
20221014190105 20221003150265
20221014190105 20221003150262
20221014190105 20221003150269
20221014190105 20221003150250
20221014190105 20221003150270
20221014190105 20221003150261
20221014190105 20221003150249
20221014190105 20221003150263
20221014190105 20221003150268
20221014190105 20221003150244
20221014190105 20221003150258
20221014190105 20221003150247
20221014190105 20221003151443
20221016233505 20221016233507
20221016233505 20221014190106
20221016233505 20221014185450
20221016233505 20221014185504
20221016233505 20221014190201
20221016233505 20221014190144
20221016233505 20221014190154
20221016233505 20221014190141
20221016233505 20221014190151
20221016233505 20221014185519
20221016233505 20221014185522
20221016233505 20221014185753
20221016233505 20221014190004
20221016233505 20221014190018
20221016233505 20221014185804
20221016233505 20221014190040
20221016233505 20221014190114
20221016233505 20221014190001
20221016233505 20221014185921
20221016233505 20221014185849
20221016233505 20221014185935
20221016233505 20221014185918
20221016233505 20221014185917
20221016233505 20221014185852
20221016233505 20221014185938
20221016233505 20221014185846
20221016233505 20221014185909
20221016233505 20221014190236
20221016233505 20221014185446
20221016233505 20221014190250
20221016233505 20221014190301
20221016233505 20221014190239
20221016233505 20221014190119
20221016233505 20221014190216
20221016233505 20221016233503
20221016233605 20221016233606
20221016233605 20221014185808
20221016233605 20221014190251
20221016233605 20221014190002
20221016233605 20221016233603
20221016233705 20221016233706
20221016233705 20221014185505
20221016233705 20221016233703
20221017070405 20221014185440
20221017070405 20221003151272
20221017070405 20221010142810
20221017070405 20221003151275
20221017070405 20221009015558
20221017070405 20221008212802
20221017070405 20221003151281
20221019220305 20221003150920
20221019220305 20221014190001
20221019220305 20221006013612
20221019220305 20221003150098
20221028032005 20221026181955
20221028032005 20221006032546
20221028032005 20221008063052
20221028032005 20221011153230
20221028032005 20221021081636
20221028032005 20221026165857
20221028032005 20221012171100
