20221003150106 20221020154329
20221003150106 20221014185459
20221003150106 20221003150107
20221003150206 20221014185524
20221003150206 20221009015558
20221003150206 20221003150207
20221003150306 20221003150305
20221003150306 20221022210719
20221003150306 20221014190056
20221003150306 20221003150352
20221003150306 20221006025356
20221003150306 20221007220451
20221003150506 20221013222124
20221003150506 20221014190021
20221003150506 20221009005402
20221003150506 20221003150507
20221003150606 20221014185947
20221003150606 20221003150611
20221003150706 20221014185918
20221003150706 20221003150709
20221003150706 20221003150705
20221003150806 20221014185851
20221003150806 20221009005402
20221003150806 20221003150807
20221003150906 20221014185808
20221003150906 20221003151258
20221003150906 20221009005402
20221003150906 20221003150907
20221003151006 20221003150971
20221003151006 20221003150970
20221003151006 20221003150998
20221003151006 20221003151005
20221003151006 20221003151004
20221003151006 20221006215353
20221003151006 20221014185733
20221003151006 20221003150438
20221003151006 20221013173355
20221003151006 20221003150457
20221003151006 20221010161950
20221003151106 20221003151105
20221003151106 20221003151104
20221003151106 20221003151207
20221003151106 20221003150366
20221003151106 20221009005402
20221003151106 20221008194048
20221003151106 20221014185657
20221003151106 20221007220451
20221003151206 20221003151030
20221003151206 20221014185602
20221003151206 20221003151172
20221003151206 20221013190422
20221003151206 20221009102436
20221003151206 20221009005402
20221003151206 20221007220451
20221003151206 20221007044552
20221003151206 20221003151207
20221003151306 20221003151304
20221003151306 20221003151303
20221003151306 20221014190253
20221003151306 20221003151305
20221003151406 20221014185450
20221003151406 20221007043259
20221003151406 20221003151424
20221008214406 20221014081712
20221008214406 20221014074318
20221008214406 20221014073148
20221008214406 20221014072547
20221008214406 20221014071406
20221008214406 20221012145054
20221008214406 20221006032546
20221008214406 20221006140520
20221008214406 20221006142610
20221008214406 20221006051705
20221008214406 20221009211130
20221008214406 20221007043646
20221008214406 20221007055535
20221008214406 20221006153641
20221008214406 20221009171616
20221008214406 20221009162948
20221008214406 20221007051119
20221008214406 20221006032933
20221008214406 20221006084204
20221008214406 20221006033248
20221008214406 20221007200304
20221008214406 20221009023024
20221008214406 20221009015032
20221008214406 20221008061334
20221008214406 20221008042814
20221008214406 20221009091132
20221008214406 20221007194303
20221008214406 20221006013313
20221008214406 20221010183037
20221013184806 20221009021452
20221013184806 20221003151201
20221013184806 20221003151174
20221013184806 20221003151195
20221013184806 20221003150134
20221013184806 20221003150248
20221013185406 20221013185456
20221013185406 20221003150926
20221013185406 20221003150276
20221013185406 20221008215655
20221013185406 20221008215530
20221013185406 20221008215400
20221013185406 20221006025356
20221013185406 20221012153512
20221014071406 20221014074726
20221014071406 20221014074852
20221014071406 20221013021614
20221014071406 20221008054439
20221014071406 20221006153641
20221014071406 20221006013313
20221014071406 20221009015743
20221014071406 20221009015558
20221014071406 20221008221822
20221014071406 20221008221548
20221014071406 20221008212802
20221014071406 20221008212000
20221014071406 20221007194303
20221014071406 20221003150798
20221014071406 20221003150113
20221014071406 20221008061845
20221014071406 20221008042814
20221014071406 20221007043259
20221014071406 20221003150079
20221014071406 20221003150067
20221014071406 20221008214406
20221014071406 20221027164646
20221014185606 20221003151202
20221014185606 20221016233451
20221014185606 20221003151443
20221014185706 20221003151085
20221014185706 20221003151084
20221014185706 20221016233518
20221014185706 20221016233516
20221014185706 20221016233507
20221014185706 20221003151443
20221014185906 20221003150745
20221014185906 20221016233507
20221014185906 20221009014200
20221014185906 20221003151443
20221014190106 20221016233505
20221014190106 20221003150241
20221014190106 20221003150242
20221014190106 20221003151443
20221014190206 20221016233412
20221014190206 20221016233527
20221014190206 20221016233525
20221014190206 20221003150133
20221014190206 20221003150134
20221014190206 20221003151443
20221014191506 20221009095853
20221014191506 20221006013612
20221014191506 20221014183030
20221014191506 20221003151443
20221014191506 20221014150222
20221014191506 20221012212839
20221014205906 20221008181850
20221014205906 20221006033248
20221014205906 20221008212519
20221014205906 20221008212000
20221014205906 20221008214935
20221015015106 20221015015059
20221015015106 20221015014643
20221016233306 20221016233308
20221016233306 20221014190218
20221016233306 20221014185441
20221016233306 20221016233304
20221016233406 20221006214729
20221016233406 20221016233407
20221016233406 20221014185851
20221016233406 20221016233404
20221016233606 20221016233608
20221016233606 20221014185622
20221016233606 20221016233605
20221016233706 20221016233708
20221016233706 20221014185450
20221016233706 20221014190045
20221016233706 20221014185834
20221016233706 20221016233705
20221019144206 20221009095853
20221019144206 20221014190037
