20221003150107 20221003150604
20221003150107 20221003150601
20221003150107 20221020154329
20221003150107 20221014185459
20221003150107 20221003150116
20221003150107 20221003150455
20221003150107 20221003150106
20221003150207 20221003150206
20221003150207 20221003150205
20221003150207 20221003150204
20221003150207 20221003150203
20221003150207 20221014185524
20221003150207 20221010142810
20221003150207 20221009015558
20221003150307 20221003151209
20221003150307 20221003151210
20221003150307 20221009015558
20221003150507 20221013222124
20221003150507 20221014190021
20221003150507 20221014142356
20221003150507 20221009005402
20221003150507 20221003150508
20221003150507 20221003150506
20221003150507 20221003150505
20221003150507 20221005200242
20221003150607 20221014185947
20221003150607 20221009005402
20221003150607 20221003150611
20221003150707 20221014185918
20221003150707 20221003150709
20221003150807 20221017182053
20221003150807 20221003150744
20221003150807 20221014185851
20221003150807 20221009005402
20221003150807 20221003150806
20221003150807 20221003150805
20221003150807 20221003150804
20221003150807 20221005200242
20221003150907 20221014185808
20221003150907 20221009005402
20221003150907 20221003150920
20221003150907 20221003150906
20221003150907 20221003150905
20221003150907 20221005200242
20221003151007 20221014185732
20221003151007 20221008195148
20221003151007 20221003151008
20221003151107 20221014185655
20221003151107 20221003151108
20221003151207 20221003151124
20221003151207 20221003150481
20221003151207 20221003150934
20221003151207 20221003150464
20221003151207 20221014185602
20221003151207 20221014181941
20221003151207 20221003151172
20221003151207 20221003151144
20221003151207 20221003151137
20221003151207 20221003150473
20221003151207 20221003151106
20221003151207 20221013190422
20221003151207 20221013185837
20221003151207 20221013174958
20221003151207 20221003150445
20221003151207 20221003150426
20221003151207 20221003150366
20221003151207 20221003150365
20221003151207 20221003151056
20221003151207 20221003151055
20221003151207 20221003151053
20221003151207 20221003151165
20221003151207 20221003151221
20221003151207 20221003151203
20221003151207 20221003151059
20221003151207 20221003151201
20221003151207 20221003151200
20221003151207 20221003150439
20221003151207 20221003151060
20221003151207 20221011182016
20221003151207 20221009192000
20221003151207 20221010064819
20221003151207 20221009102436
20221003151207 20221009005402
20221003151207 20221008215655
20221003151207 20221008191607
20221003151207 20221007220451
20221003151207 20221003151206
20221003151207 20221003151205
20221003151207 20221003150360
20221003151207 20221003150371
20221003151207 20221003150381
20221003151207 20221003151081
20221003151207 20221003151063
20221003151307 20221014190251
20221003151307 20221003151309
20221003151407 20221014185450
20221003151407 20221003151424
20221008191607 20221003151207
20221008191607 20221007220451
20221008191607 20221003151153
20221008211707 20221003151408
20221008211707 20221013035616
20221008211707 20221003150098
20221014185507 20221016233715
20221014185507 20221003150103
20221014185507 20221003150102
20221014185507 20221003150101
20221014185507 20221003150105
20221014185507 20221003150100
20221014185507 20221003150104
20221014185507 20221003150099
20221014185507 20221003151443
20221014185707 20221016233540
20221014185707 20221003151443
20221014185807 20221016233352
20221014185807 20221003151443
20221014190007 20221003150527
20221014190007 20221016233507
20221014190007 20221003151443
20221014190207 20221016233628
20221014190207 20221003150130
20221014190207 20221003150131
20221014190207 20221003151443
20221016233407 20221016233409
20221016233407 20221014185920
20221016233407 20221014185808
20221016233407 20221014185918
20221016233407 20221016233406
20221016233507 20221016233510
20221016233507 20221014185515
20221016233507 20221014185706
20221016233507 20221014185658
20221016233507 20221014185718
20221016233507 20221014185649
20221016233507 20221014185654
20221016233507 20221014185704
20221016233507 20221014185548
20221016233507 20221014185544
20221016233507 20221014185547
20221016233507 20221014185557
20221016233507 20221014185528
20221016233507 20221014185556
20221016233507 20221014185530
20221016233507 20221014185537
20221016233507 20221014185545
20221016233507 20221014185540
20221016233507 20221014185534
20221016233507 20221014185533
20221016233507 20221014185551
20221016233507 20221014185554
20221016233507 20221014185539
20221016233507 20221014185553
20221016233507 20221014185542
20221016233507 20221014185527
20221016233507 20221014190007
20221016233507 20221014185735
20221016233507 20221014185726
20221016233507 20221014185744
20221016233507 20221014185750
20221016233507 20221014185736
20221016233507 20221014185730
20221016233507 20221014185745
20221016233507 20221014185724
20221016233507 20221014185742
20221016233507 20221014185741
20221016233507 20221014185747
20221016233507 20221014185727
20221016233507 20221014185732
20221016233507 20221014185738
20221016233507 20221014185733
20221016233507 20221014190024
20221016233507 20221014185946
20221016233507 20221014185949
20221016233507 20221014185857
20221016233507 20221014185906
20221016233507 20221014185559
20221016233507 20221014190001
20221016233507 20221014185926
20221016233507 20221014185947
20221016233507 20221014185932
20221016233507 20221014185908
20221016233507 20221014185834
20221016233507 20221014185858
20221016233507 20221016233505
20221017080207 20221018160416
20221017080207 20221012153843
20221017080207 20221008061334
20221020160107 20221020185927
20221020160107 20221008042814
20221020160107 20221013035124
20221020160107 20221006013612
20221020160107 20221003151017
