20221003150108 20221014185459
20221003150108 20221003150110
20221003150208 20221014185522
20221003150208 20221003150209
20221003150308 20221022210719
20221003150308 20221003151192
20221003150308 20221014190056
20221003150308 20221003150310
20221003150508 20221013222124
20221003150508 20221014190021
20221003150508 20221014142356
20221003150508 20221009005402
20221003150508 20221003150509
20221003150508 20221003150507
20221003150508 20221003150504
20221003150508 20221005200242
20221003150608 20221014185947
20221003150608 20221003150611
20221003150708 20221014185918
20221003150708 20221003150709
20221003150808 20221014185849
20221003150808 20221003150812
20221003150908 20221014185808
20221003150908 20221003150920
20221003151008 20221014185732
20221003151008 20221009005402
20221003151008 20221003151014
20221003151008 20221003151007
20221003151008 20221005200242
20221003151108 20221014185655
20221003151108 20221003151124
20221003151108 20221003151107
20221003151108 20221005200242
20221003151208 20221003150500
20221003151208 20221003150938
20221003151208 20221014185600
20221003151208 20221013190422
20221003151208 20221003150331
20221003151208 20221003150880
20221003151208 20221009102436
20221003151208 20221009005402
20221003151208 20221007220451
20221003151208 20221007044552
20221003151208 20221003151210
20221003151208 20221003150879
20221003151308 20221014190251
20221003151308 20221003151309
20221003151408 20221017084459
20221003151408 20221003151193
20221003151408 20221003151187
20221003151408 20221003151186
20221003151408 20221003151184
20221003151408 20221015005745
20221003151408 20221003151363
20221003151408 20221014185450
20221003151408 20221014142356
20221003151408 20221008221822
20221003151408 20221008211707
20221003151408 20221008061845
20221003151408 20221003150946
20221003151408 20221003150310
20221003151408 20221003151299
20221003151408 20221003151424
20221010164408 20221003151330
20221010164408 20221003151331
20221010164408 20221008042334
20221010164408 20221003150098
20221010164408 20221006032546
20221010164408 20221003151299
20221014185608 20221003151201
20221014185608 20221016233451
20221014185608 20221016233558
20221014185608 20221003151443
20221014185808 20221008042814
20221014185808 20221016233708
20221014185808 20221016233549
20221014185808 20221016233349
20221014185808 20221016233338
20221014185808 20221016233720
20221014185808 20221016233551
20221014185808 20221016233510
20221014185808 20221016233502
20221014185808 20221016233341
20221014185808 20221016233658
20221014185808 20221016233605
20221014185808 20221016233458
20221014185808 20221016233425
20221014185808 20221016233419
20221014185808 20221016233415
20221014185808 20221016233409
20221014185808 20221016233407
20221014185808 20221009014200
20221014185808 20221003150911
20221014185808 20221003150910
20221014185808 20221003150907
20221014185808 20221003150909
20221014185808 20221003150913
20221014185808 20221003150905
20221014185808 20221003150900
20221014185808 20221003150896
20221014185808 20221003150919
20221014185808 20221003150894
20221014185808 20221003150897
20221014185808 20221003150899
20221014185808 20221003150902
20221014185808 20221003150903
20221014185808 20221003150912
20221014185808 20221003150918
20221014185808 20221003150901
20221014185808 20221003150914
20221014185808 20221003150904
20221014185808 20221003150916
20221014185808 20221003150915
20221014185808 20221003150906
20221014185808 20221003150917
20221014185808 20221003150920
20221014185808 20221003150898
20221014185808 20221003150908
20221014185808 20221003150895
20221014185808 20221003151443
20221014185908 20221016233507
20221014185908 20221009014200
20221014185908 20221003150744
20221014185908 20221003150741
20221014185908 20221003150742
20221014185908 20221003150743
20221014185908 20221003150740
20221014185908 20221003151443
20221014190008 20221016233723
20221014190008 20221003151443
20221014190108 20221003150240
20221014190108 20221016233419
20221014190108 20221003151443
20221016233308 20221016233309
20221016233308 20221014190215
20221016233308 20221016233306
20221016233608 20221016233609
20221016233608 20221014185622
20221016233608 20221014190056
20221016233608 20221016233606
20221016233708 20221016233710
20221016233708 20221014190047
20221016233708 20221014185808
20221016233708 20221016233706
20221019150908 20221003150751
20221019150908 20221019151504
20221019150908 20221003150752
20221019150908 20221003150673
20221019150908 20221017182222
20221019150908 20221008215655
20221019150908 20221008215530
20221019150908 20221008215400
20221028021608 20221007175034
20221028021608 20221013221136
20221028021608 20221023085822
20221028021608 20221028023010
20221028021608 20221006032546
20221028021608 20221012171100
20221028021608 20221028200515
20221028185008 20221007194303
20221028185008 20221003150075
20221028185008 20221003150993
20221028185008 20221009012547
20221028185008 20221012171100
