20221003150109 20221014185459
20221003150109 20221003150110
20221003150209 20221014185522
20221003150209 20221003150210
20221003150209 20221003150208
20221003150309 20221022210719
20221003150309 20221014190056
20221003150309 20221003150310
20221003150509 20221003150527
20221003150509 20221003150515
20221003150509 20221015005745
20221003150509 20221013222124
20221003150509 20221014190021
20221003150509 20221014142356
20221003150509 20221003150523
20221003150509 20221003150518
20221003150509 20221009005402
20221003150509 20221003150508
20221003150509 20221005200242
20221003150609 20221014185947
20221003150609 20221003150611
20221003150709 20221003151192
20221003150709 20221003151186
20221003150709 20221003151184
20221003150709 20221009014200
20221003150709 20221003150985
20221003150709 20221017180938
20221003150709 20221014185918
20221003150709 20221003150708
20221003150709 20221003150707
20221003150709 20221003150706
20221003150709 20221003150704
20221003150709 20221003150703
20221003150709 20221003150702
20221003150709 20221003150701
20221003150709 20221003150700
20221003150709 20221003150699
20221003150709 20221005200242
20221003150809 20221014185849
20221003150809 20221003150812
20221003150909 20221014185808
20221003150909 20221009005402
20221003150909 20221007205652
20221003150909 20221003150920
20221003151009 20221014185732
20221003151009 20221003151010
20221003151109 20221014185655
20221003151109 20221003151110
20221003151209 20221003151240
20221003151209 20221018193528
20221003151209 20221018183943
20221003151209 20221006035818
20221003151209 20221003150631
20221003151209 20221003150881
20221003151209 20221003151178
20221003151209 20221015004120
20221003151209 20221014185600
20221003151209 20221003150260
20221003151209 20221013175128
20221003151209 20221003150426
20221003151209 20221003150882
20221003151209 20221009102436
20221003151209 20221009005402
20221003151209 20221008005525
20221003151209 20221007044552
20221003151209 20221003151210
20221003151209 20221003150307
20221003151209 20221003151403
20221003151209 20221003150183
20221003151309 20221003151308
20221003151309 20221003151307
20221003151309 20221014190251
20221003151309 20221008081231
20221003151309 20221008070202
20221003151409 20221014185450
20221003151409 20221003151424
20221008182309 20221006054727
20221008182309 20221012144502
20221008182309 20221012102630
20221008182309 20221010180141
20221008182309 20221008042814
20221008182309 20221003151299
20221008182309 20221003151332
20221008182309 20221003151329
20221008182309 20221003151424
20221008182309 20221007194303
20221008182309 20221003150798
20221008182309 20221026060602
20221008210209 20221014155450
20221008210209 20221008212519
20221008210209 20221008181850
20221008210209 20221003151023
20221008210209 20221003151193
20221010155109 20221011193153
20221010155109 20221011092421
20221010155109 20221006020303
20221010155109 20221007043259
20221010155109 20221006213953
20221010155109 20221008042814
20221010155109 20221006200018
20221011175709 20221006032546
20221011175709 20221012093513
20221011175709 20221011180032
20221011175709 20221011175948
20221011175709 20221003150067
20221011175709 20221009172522
20221011175709 20221006204315
20221011175709 20221006213953
20221011175709 20221003150177
20221011175709 20221006020303
20221011175709 20221008212802
20221011175709 20221006013313
20221014185509 20221020185927
20221014185509 20221016233727
20221014185509 20221016233457
20221014185509 20221016233451
20221014185509 20221016233518
20221014185509 20221016233516
20221014185509 20221016233642
20221014185509 20221016233639
20221014185509 20221016233637
20221014185509 20221016233615
20221014185509 20221016233609
20221014185509 20221014213559
20221014185509 20221003151436
20221014185509 20221003151433
20221014185509 20221003151429
20221014185509 20221003151441
20221014185509 20221003151428
20221014185509 20221003151427
20221014185509 20221003151432
20221014185509 20221003151438
20221014185509 20221003151440
20221014185509 20221003151434
20221014185509 20221003151439
20221014185509 20221003151437
20221014185509 20221003151426
20221014185509 20221003151435
20221014185509 20221003151425
20221014185509 20221003151430
20221014185509 20221003151443
20221014185609 20221003151200
20221014185609 20221016233630
20221014185609 20221016233451
20221014185609 20221016233512
20221014185609 20221003151443
20221014185709 20221016233637
20221014185709 20221009014200
20221014185709 20221003151443
20221014185909 20221016233427
20221014185909 20221016233545
20221014185909 20221016233534
20221014185909 20221016233510
20221014185909 20221016233505
20221014185909 20221016233323
20221014185909 20221009014200
20221014185909 20221003150731
20221014185909 20221003150738
20221014185909 20221003150736
20221014185909 20221003150734
20221014185909 20221003150735
20221014185909 20221003150733
20221014185909 20221003150739
20221014185909 20221003150737
20221014185909 20221003150732
20221014185909 20221003151443
20221014190109 20221016233552
20221014190109 20221016233551
20221014190109 20221016233613
20221014190109 20221009014200
20221014190109 20221003150235
20221014190109 20221003150236
20221014190109 20221003150234
20221014190109 20221003150237
20221014190109 20221003150232
20221014190109 20221003150233
20221014190109 20221003150238
20221014190109 20221003150239
20221014190109 20221003151443
20221014190209 20221016233520
20221014190209 20221003150129
20221014190209 20221003150127
20221014190209 20221003151443
20221014201909 20221014154703
20221014201909 20221009015743
20221014201909 20221008042814
20221014201909 20221006032546
20221014201909 20221009015032
20221014215609 20221021071146
20221014215609 20221011155715
20221014215609 20221009095853
20221014215609 20221008042814
20221014215609 20221007044552
20221014215609 20221013021614
20221014222109 20221008042814
20221014222109 20221013180230
20221014222109 20221006032546
20221014222109 20221008215400
20221014222109 20221008061845
20221014222109 20221007194303
20221014222109 20221003150798
20221014222109 20221006051705
20221016233309 20221016233311
20221016233309 20221014190001
20221016233309 20221016233308
20221016233409 20221006214348
20221016233409 20221016233410
20221016233409 20221014185808
20221016233409 20221016233407
20221016233609 20221016233611
20221016233609 20221014190222
20221016233609 20221014185509
20221016233609 20221014185450
20221016233609 20221014185739
20221016233609 20221014185819
20221016233609 20221016233608
20221017091309 20221008061845
20221017091309 20221006020303
20221017091309 20221009172351
20221017091309 20221008042814
20221017091309 20221007194303
20221018152809 20221018152947
20221018152809 20221003151412
20221018152809 20221008212802
20221018152809 20221018152638
20221020203509 20221007220451
20221020203509 20221003151178
20221020203509 20221003151023
