20221003150110 20221014185459
20221003150110 20221003150455
20221003150110 20221003150109
20221003150110 20221003150108
20221003150210 20221003150209
20221003150210 20221003150211
20221003150210 20221009014200
20221003150210 20221008212802
20221003150210 20221014185522
20221003150210 20221003150218
20221003150210 20221012153643
20221003150210 20221012153342
20221003150210 20221012153512
20221003150210 20221012145054
20221003150210 20221010074318
20221003150210 20221006034046
20221003150310 20221003151408
20221003150310 20221003150309
20221003150310 20221003150308
20221003150310 20221003151192
20221003150310 20221022210719
20221003150310 20221014190056
20221003150510 20221013222124
20221003150510 20221014190019
20221003150510 20221003150511
20221003150610 20221014185947
20221003150610 20221003150611
20221003150710 20221014185917
20221003150710 20221003150717
20221003150810 20221003150811
20221003150810 20221014185849
20221003150810 20221003150812
20221003150910 20221014185808
20221003150910 20221003150920
20221003151010 20221014185732
20221003151010 20221009005402
20221003151010 20221003151012
20221003151010 20221003151009
20221003151010 20221005200242
20221003151110 20221014185655
20221003151110 20221007220451
20221003151110 20221003151124
20221003151110 20221003151109
20221003151110 20221005200242
20221003151210 20221003151259
20221003151210 20221003150922
20221003151210 20221003150938
20221003151210 20221003150346
20221003151210 20221003150823
20221003151210 20221003150920
20221003151210 20221003150933
20221003151210 20221003151178
20221003151210 20221014185600
20221003151210 20221014181941
20221003151210 20221003150266
20221003151210 20221003150322
20221003151210 20221013190422
20221003151210 20221003150260
20221003151210 20221003150353
20221003151210 20221013174958
20221003151210 20221003150445
20221003151210 20221003150426
20221003151210 20221003150727
20221003151210 20221003150882
20221003151210 20221003150880
20221003151210 20221003150834
20221003151210 20221003150891
20221003151210 20221003151165
20221003151210 20221003151200
20221003151210 20221003151258
20221003151210 20221012070836
20221003151210 20221011182016
20221003151210 20221010142810
20221003151210 20221010064819
20221003151210 20221009102436
20221003151210 20221009015558
20221003151210 20221008215655
20221003151210 20221008005525
20221003151210 20221007220451
20221003151210 20221007044552
20221003151210 20221003151209
20221003151210 20221003151208
20221003151210 20221003150171
20221003151210 20221003150371
20221003151210 20221003150293
20221003151210 20221003150307
20221003151210 20221013222336
20221003151310 20221014190250
20221003151310 20221006191703
20221003151310 20221003151316
20221003151410 20221014185450
20221003151410 20221009005402
20221003151410 20221003151424
20221006142610 20221008214406
20221006142610 20221007043259
20221006142610 20221006204315
20221006142610 20221006054727
20221006142610 20221006013313
20221006142610 20221006032546
20221006142610 20221006035818
20221008052510 20221013035616
20221008052510 20221006013612
20221008052510 20221003151424
20221008052510 20221003151441
20221008052510 20221003151338
20221008052510 20221003150798
20221008052510 20221007043646
20221009100510 20221010184202
20221009100510 20221009192000
20221009100510 20221009095853
20221009100510 20221003150098
20221009100510 20221006084204
20221010142810 20221017070405
20221010142810 20221009015032
20221010142810 20221008042814
20221010142810 20221003151210
20221010142810 20221003150651
20221010142810 20221003150207
20221010142810 20221003150890
20221010142810 20221003151380
20221010142810 20221003151083
20221010142810 20221009021452
20221010142810 20221009015743
20221010142810 20221009015558
20221014185510 20221014185513
20221014185510 20221016233334
20221014185510 20221016233331
20221014185510 20221003151443
20221014185710 20221016233518
20221014185710 20221016233648
20221014185710 20221003151079
20221014185710 20221003151074
20221014185710 20221003151075
20221014185710 20221003151080
20221014185710 20221003151078
20221014185710 20221003151076
20221014185710 20221003151081
20221014185710 20221003151077
20221014185710 20221003151443
20221014185810 20221003150891
20221014185810 20221016233334
20221014185810 20221009014200
20221014185810 20221003151443
20221014190010 20221016233601
20221014190010 20221003150525
20221014190010 20221003150524
20221014190010 20221003151443
20221014190210 20221016233439
20221014190210 20221003150119
20221014190210 20221003150122
20221014190210 20221003150121
20221014190210 20221003150125
20221014190210 20221003150124
20221014190210 20221003150123
20221014190210 20221003150126
20221014190210 20221003150120
20221014190210 20221003151443
20221015000510 20221008042814
20221015000510 20221006084204
20221016233410 20221016233412
20221016233410 20221014185923
20221016233410 20221016233409
20221016233510 20221016233512
20221016233510 20221014185808
20221016233510 20221014185647
20221016233510 20221014185834
20221016233510 20221014185619
20221016233510 20221014185909
20221016233510 20221016233507
20221016233710 20221016233712
20221016233710 20221014190056
20221016233710 20221014185600
20221016233710 20221014185603
20221016233710 20221014185545
20221016233710 20221016233708
20221020051510 20221007043259
20221020051510 20221009211130
20221024070910 20221003151338
20221024070910 20221013222124
20221024070910 20221003151277
20221025025810 20221006032546
20221025025810 20221025024238
20221028023010 20221028021608
20221028023010 20221014081712
20221028023010 20221003151299
20221028023010 20221003151338
20221028023010 20221006010531
20221028023010 20221013221136
