20221003150111 20221014185459
20221003150111 20221003150115
20221003150211 20221014185521
20221003150211 20221012153512
20221003150211 20221003151278
20221003150211 20221003151277
20221003150211 20221003151276
20221003150211 20221009014200
20221003150211 20221003150210
20221003150311 20221022210719
20221003150311 20221014190056
20221003150311 20221007220451
20221003150311 20221003150312
20221003150511 20221013222124
20221003150511 20221014190019
20221003150511 20221014142356
20221003150511 20221009005402
20221003150511 20221003150512
20221003150511 20221003150510
20221003150511 20221005200242
20221003150611 20221003150610
20221003150611 20221003150609
20221003150611 20221003150608
20221003150611 20221003150607
20221003150611 20221003150606
20221003150611 20221003150605
20221003150611 20221009014200
20221003150611 20221014185947
20221003150711 20221017172946
20221003150711 20221014185917
20221003150711 20221003150294
20221003150711 20221003150717
20221003150811 20221003150812
20221003150811 20221003150810
20221003150811 20221014185849
20221003150911 20221014185808
20221003150911 20221003150920
20221003151011 20221014185732
20221003151011 20221009005402
20221003151011 20221003151012
20221003151111 20221014185655
20221003151111 20221007220451
20221003151111 20221003151124
20221003151211 20221014185559
20221003151211 20221009102436
20221003151211 20221007044552
20221003151211 20221003151214
20221003151211 20221003150231
20221003151311 20221014190250
20221003151311 20221006191703
20221003151311 20221003151316
20221003151411 20221014185450
20221003151411 20221009015558
20221003151411 20221003151424
20221006213311 20221018134040
20221006213311 20221015011525
20221006213311 20221015004120
20221006213311 20221003151238
20221006213311 20221012152319
20221006213311 20221011134623
20221006213311 20221009032056
20221006213311 20221009005402
20221006213311 20221007220451
20221006213311 20221006220044
20221006213311 20221006214729
20221006213311 20221006214348
20221006213311 20221006213414
20221006213311 20221006213130
20221006213311 20221026190658
20221007192111 20221007193324
20221007192111 20221007043646
20221007192111 20221006153641
20221007192111 20221010182027
20221014185611 20221003151199
20221014185611 20221016233451
20221014185611 20221003151443
20221014185811 20221016233256
20221014185811 20221016233319
20221014185811 20221003150887
20221014185811 20221003150886
20221014185811 20221003150888
20221014185811 20221003150890
20221014185811 20221003150885
20221014185811 20221003150889
20221014185811 20221003151443
20221014185911 20221016233336
20221014185911 20221016233503
20221014185911 20221009014200
20221014185911 20221003150730
20221014185911 20221003150728
20221014185911 20221003150729
20221014185911 20221003151443
20221014190111 20221016233552
20221014190111 20221003150228
20221014190111 20221003150229
20221014190111 20221003150230
20221014190111 20221003150231
20221014190111 20221003151443
20221016233311 20221016233313
20221016233311 20221014190001
20221016233311 20221016233309
20221016233611 20221016233613
20221016233611 20221014190226
20221016233611 20221016233609
