20221003150112 20221014185459
20221003150112 20221009005402
20221003150112 20221007220451
20221003150112 20221003150113
20221003150212 20221014185519
20221003150212 20221013194055
20221003150212 20221003150215
20221003150312 20221003150311
20221003150312 20221022210719
20221003150312 20221003150600
20221003150312 20221014190056
20221003150312 20221014164014
20221003150312 20221003151198
20221003150312 20221003151035
20221003150312 20221003150838
20221003150312 20221009005402
20221003150312 20221003150567
20221003150512 20221003150515
20221003150512 20221013222124
20221003150512 20221014190019
20221003150512 20221014142356
20221003150512 20221003150518
20221003150512 20221003150523
20221003150512 20221003150511
20221003150512 20221005200242
20221003150612 20221014185947
20221003150612 20221009005402
20221003150612 20221003150614
20221003150712 20221014185917
20221003150712 20221003150714
20221003150812 20221003151186
20221003150812 20221003151192
20221003150812 20221003150659
20221003150812 20221014185849
20221003150812 20221003150811
20221003150812 20221003150810
20221003150812 20221003150809
20221003150812 20221003150808
20221003150912 20221014185808
20221003150912 20221009005402
20221003150912 20221003150920
20221003151012 20221014185732
20221003151012 20221009005402
20221003151012 20221003151014
20221003151012 20221003151011
20221003151012 20221003151010
20221003151112 20221019003259
20221003151112 20221014185655
20221003151112 20221003151115
20221003151212 20221022210052
20221003151212 20221014185559
20221003151212 20221003150330
20221003151212 20221009102436
20221003151212 20221007044552
20221003151212 20221003151214
20221003151312 20221014190250
20221003151312 20221003151316
20221003151412 20221018152809
20221003151412 20221014185450
20221003151412 20221003151424
20221006013612 20221025005842
20221006013612 20221014190047
20221006013612 20221021071146
20221006013612 20221020185927
20221006013612 20221020160107
20221006013612 20221019220305
20221006013612 20221018161819
20221006013612 20221018145628
20221006013612 20221017173622
20221006013612 20221017030222
20221006013612 20221017030519
20221006013612 20221003151443
20221006013612 20221014191506
20221006013612 20221014150222
20221006013612 20221014073148
20221006013612 20221014062642
20221006013612 20221014024704
20221006013612 20221013193405
20221006013612 20221009172351
20221006013612 20221007182026
20221006013612 20221006032546
20221006013612 20221006012927
20221006013612 20221013035124
20221006013612 20221012212839
20221006013612 20221011190351
20221006013612 20221006051705
20221006013612 20221009171616
20221006013612 20221006013313
20221006013612 20221007043646
20221006013612 20221010182721
20221006013612 20221006153641
20221006013612 20221006054727
20221006013612 20221008052510
20221006013612 20221009023024
20221006013612 20221006220044
20221006013612 20221006145626
20221006013612 20221005200242
20221006013612 20221009192000
20221006013612 20221003151159
20221006013612 20221012221003
20221006013612 20221012213538
20221006013612 20221008050923
20221006013612 20221010183037
20221006013612 20221030082715
20221010222312 20221024080719
20221010222312 20221003150076
20221010222312 20221003150081
20221010222312 20221018155432
20221010222312 20221018050302
20221010222312 20221003150194
20221010222312 20221008214827
20221010222312 20221014154934
20221010222312 20221014073148
20221010222312 20221013222336
20221010222312 20221003150118
20221010222312 20221012065200
20221010222312 20221008021753
20221010222312 20221008214631
20221010222312 20221008061845
20221010222312 20221003150075
20221010222312 20221003150079
20221010222312 20221024082446
20221010222312 20221009162538
20221012094712 20221003151373
20221012094712 20221003151284
20221012094712 20221009095853
20221012094712 20221003151299
20221012094712 20221006025356
20221012094712 20221012090938
20221012094712 20221006032546
20221012094712 20221026064448
20221012153512 20221003151220
20221012153512 20221003150978
20221012153512 20221019143615
20221012153512 20221003150993
20221012153512 20221003150132
20221012153512 20221003150211
20221012153512 20221013185406
20221012153512 20221003150257
20221012153512 20221003150449
20221012153512 20221012153643
20221012153512 20221003151277
20221012153512 20221003150662
20221012153512 20221003151276
20221012153512 20221003151278
20221012153512 20221003150341
20221012153512 20221008054439
20221012153512 20221003150372
20221012153512 20221003150826
20221012153512 20221003150829
20221012153512 20221003151285
20221012153512 20221003150830
20221012153512 20221003150984
20221012153512 20221003151231
20221012153512 20221003150985
20221012153512 20221003150980
20221012153512 20221003150981
20221012153512 20221003150740
20221012153512 20221003150983
20221012153512 20221003150987
20221012153512 20221003151236
20221012153512 20221003150988
20221012153512 20221003150210
20221012153512 20221024213239
20221012153512 20221003151324
20221014081712 20221008214406
20221014081712 20221008063052
20221014081712 20221013180230
20221014081712 20221009015743
20221014081712 20221009015558
20221014081712 20221008215655
20221014081712 20221007193324
20221014081712 20221003151187
20221014081712 20221028023010
20221014185512 20221003151442
20221014185512 20221016233258
20221014185512 20221016233254
20221014185512 20221003151443
20221014185612 20221016233558
20221014185612 20221016233648
20221014185612 20221016233457
20221014185612 20221016233451
20221014185612 20221003151197
20221014185612 20221003151198
20221014185612 20221003151443
20221014185712 20221016233646
20221014185712 20221003151073
20221014185712 20221003151071
20221014185712 20221003151072
20221014185712 20221003151443
20221014185912 20221003150727
20221014185912 20221016233357
20221014185912 20221009014200
20221014185912 20221003151443
20221014190012 20221016233723
20221014190012 20221003151443
20221014190112 20221016233437
20221014190112 20221003150226
20221014190112 20221003150227
20221014190112 20221003151443
20221014190212 20221003150118
20221014190212 20221016233414
20221014190212 20221003151443
20221015022512 20221003150966
20221015022512 20221003151175
20221015022512 20221009102436
20221015022512 20221008215325
20221015022512 20221003151172
20221016233412 20221016233414
20221016233412 20221014190039
20221016233412 20221014190206
20221016233412 20221014185849
20221016233412 20221016233410
20221016233512 20221016233514
20221016233512 20221014185840
20221016233512 20221014190219
20221016233512 20221014185616
20221016233512 20221014185831
20221016233512 20221014185914
20221016233512 20221014190059
20221016233512 20221014190140
20221016233512 20221014185609
20221016233512 20221014190042
20221016233512 20221014185732
20221016233512 20221014190056
20221016233512 20221014190102
20221016233512 20221014190048
20221016233512 20221014190045
20221016233512 20221014190044
20221016233512 20221014190103
20221016233512 20221014190047
20221016233512 20221014190053
20221016233512 20221014190105
20221016233512 20221014190050
20221016233512 20221014190100
20221016233512 20221014185802
20221016233512 20221014185625
20221016233512 20221014185600
20221016233512 20221014185959
20221016233512 20221014185622
20221016233512 20221014185619
20221016233512 20221016233510
20221016233712 20221016233713
20221016233712 20221014185622
20221016233712 20221014185758
20221016233712 20221014190056
20221016233712 20221016233710
20221018190312 20221018050302
20221018190312 20221003150194
20221018190312 20221003151295
20221018190312 20221003151329
20221018190312 20221003151299
20221018190312 20221008061845
