20221003150113 20221014185459
20221003150113 20221014071406
20221003150113 20221003150115
20221003150113 20221003150112
20221003150213 20221014185519
20221003150213 20221013194055
20221003150213 20221003151274
20221003150213 20221003150215
20221003150313 20221003150284
20221003150313 20221003150314
20221003150313 20221022210719
20221003150313 20221014190056
20221003150313 20221009005402
20221003150513 20221014190018
20221003150513 20221008081231
20221003150513 20221003150515
20221003150613 20221014185947
20221003150613 20221009005402
20221003150613 20221003150614
20221003150713 20221014185917
20221003150713 20221003150714
20221003150813 20221014185848
20221003150813 20221003150814
20221003150913 20221015004120
20221003150913 20221014185808
20221003150913 20221009005402
20221003150913 20221003150920
20221003151013 20221014185732
20221003151013 20221009005402
20221003151013 20221003151014
20221003151113 20221019003259
20221003151113 20221014185655
20221003151113 20221003151115
20221003151213 20221003150277
20221003151213 20221003150745
20221003151213 20221003151179
20221003151213 20221003151198
20221003151213 20221003151192
20221003151213 20221003150724
20221003151213 20221003150517
20221003151213 20221014185559
20221003151213 20221003151056
20221003151213 20221009102436
20221003151213 20221009005402
20221003151213 20221007220451
20221003151213 20221007044552
20221003151213 20221003151214
20221003151213 20221003151169
20221003151213 20221003151403
20221003151313 20221014190250
20221003151313 20221006191703
20221003151313 20221003151316
20221003151413 20221003151301
20221003151413 20221014185450
20221003151413 20221003151424
20221006013313 20221020193850
20221006013313 20221009104752
20221006013313 20221015041944
20221006013313 20221014023054
20221006013313 20221014071406
20221006013313 20221013180437
20221006013313 20221012145054
20221006013313 20221012134856
20221006013313 20221012134544
20221006013313 20221012093513
20221006013313 20221012083444
20221006013313 20221011193153
20221006013313 20221011175709
20221006013313 20221011153359
20221006013313 20221006033248
20221006013313 20221006032546
20221006013313 20221006013612
20221006013313 20221007043646
20221006013313 20221009162948
20221006013313 20221009023024
20221006013313 20221006020303
20221006013313 20221007043259
20221006013313 20221008054439
20221006013313 20221008214406
20221006013313 20221006204315
20221006013313 20221008183326
20221006013313 20221006142610
20221006013313 20221008061334
20221006013313 20221006213953
20221006013313 20221006153641
20221006013313 20221006034046
20221006013313 20221008042814
20221006013313 20221009211130
20221006013313 20221009022138
20221006013313 20221007220451
20221006013313 20221007200304
20221006013313 20221023084432
20221006013313 20221013221136
20221006013313 20221028033132
20221010175613 20221013035616
20221010175613 20221012082959
20221010175613 20221010182027
20221010175613 20221003150098
20221010175613 20221003151278
20221010175613 20221008212802
20221010175613 20221008221548
20221012093513 20221018155432
20221012093513 20221018042949
20221012093513 20221012090938
20221012093513 20221006025356
20221012093513 20221003150798
20221012093513 20221007194303
20221012093513 20221011175709
20221012093513 20221006013313
20221012093513 20221006020303
20221012093513 20221011134623
20221012093513 20221008061845
20221014185513 20221014185510
20221014185513 20221016233356
20221014185513 20221003151443
20221014185713 20221016233542
20221014185713 20221003151069
20221014185713 20221003151068
20221014185713 20221003151070
20221014185713 20221003151443
20221014185813 20221016233642
20221014185813 20221003150884
20221014185813 20221003150883
20221014185813 20221003151443
20221014190013 20221016233723
20221014190013 20221003150521
20221014190013 20221003150520
20221014190013 20221003150519
20221014190013 20221003150522
20221014190013 20221003151443
20221014190213 20221003150081
20221014190213 20221016233300
20221014190213 20221016233427
20221014190213 20221003151443
20221014213613 20221011153230
20221014213613 20221003151292
20221014213613 20221003151291
20221014213613 20221003150491
20221014213613 20221003150490
20221014213613 20221014213559
20221016233313 20221016233314
20221016233313 20221014190256
20221016233313 20221014185459
20221016233313 20221014185816
20221016233313 20221016233311
20221016233613 20221016233615
20221016233613 20221014185631
20221016233613 20221014185932
20221016233613 20221014185750
20221016233613 20221014185459
20221016233613 20221014190152
20221016233613 20221014190109
20221016233613 20221016233611
20221016233713 20221016233715
20221016233713 20221014185622
20221016233713 20221016233712
20221018201513 20221014070023
20221018201513 20221006084204
20221018201513 20221007043259
20221018201513 20221008042814
20221018201513 20221003151350
20221018201513 20221006032546
