20221003150114 20221020154329
20221003150114 20221003150601
20221003150114 20221014185459
20221003150114 20221003150115
20221003150214 20221014185519
20221003150214 20221013194055
20221003150214 20221003151274
20221003150214 20221003150215
20221003150314 20221003150313
20221003150314 20221022210719
20221003150314 20221014190056
20221003150514 20221014190018
20221003150514 20221008081231
20221003150514 20221003150515
20221003150614 20221014185947
20221003150614 20221009005402
20221003150614 20221003150613
20221003150614 20221003150612
20221003150614 20221005200242
20221003150714 20221014185917
20221003150714 20221003150716
20221003150714 20221003150713
20221003150714 20221003150712
20221003150714 20221005200242
20221003150814 20221014185848
20221003150814 20221003150816
20221003150814 20221003150813
20221003150914 20221014185808
20221003150914 20221009005402
20221003150914 20221007205652
20221003150914 20221003150920
20221003151014 20221003151013
20221003151014 20221003151012
20221003151014 20221003151008
20221003151014 20221003151187
20221003151014 20221003150582
20221003151014 20221014185732
20221003151014 20221008195148
20221003151014 20221009005402
20221003151114 20221019003259
20221003151114 20221014185655
20221003151114 20221003151115
20221003151214 20221003150517
20221003151214 20221014185559
20221003151214 20221003151055
20221003151214 20221003151164
20221003151214 20221003151192
20221003151214 20221009102436
20221003151214 20221008213254
20221003151214 20221007044552
20221003151214 20221003151213
20221003151214 20221003151212
20221003151214 20221003151211
20221003151214 20221005200242
20221003151214 20221003150231
20221003151314 20221014190250
20221003151314 20221007043259
20221003151314 20221006191703
20221003151314 20221003151315
20221003151414 20221014185450
20221003151414 20221003151424
20221005194814 20221012221003
20221005194814 20221003151160
20221006063114 20221006033248
20221006063114 20221006035818
20221006063114 20221013185251
20221006063114 20221006025356
20221006213414 20221018134040
20221006213414 20221015011525
20221006213414 20221015004252
20221006213414 20221003151147
20221006213414 20221006220044
20221006213414 20221006215623
20221006213414 20221006215135
20221006213414 20221006213821
20221006213414 20221006213649
20221006213414 20221006213311
20221006213414 20221031093556
20221008042814 20221024180316
20221008042814 20221006051705
20221008042814 20221023084432
20221008042814 20221030010849
20221008042814 20221024160055
20221008042814 20221013021614
20221008042814 20221030083332
20221008042814 20221007043259
20221008042814 20221026181955
20221008042814 20221025005842
20221008042814 20221017173622
20221008042814 20221015000510
20221008042814 20221017030519
20221008042814 20221020185927
20221008042814 20221030022644
20221008042814 20221030030036
20221008042814 20221027150053
20221008042814 20221027194304
20221008042814 20221027011800
20221008042814 20221013035124
20221008042814 20221026074040
20221008042814 20221013204452
20221008042814 20221015010704
20221008042814 20221026060602
20221008042814 20221017091309
20221008042814 20221007055535
20221008042814 20221024215216
20221008042814 20221023085822
20221008042814 20221014222109
20221008042814 20221022232615
20221008042814 20221003151144
20221008042814 20221003150791
20221008042814 20221020160107
20221008042814 20221014185808
20221008042814 20221018201513
20221008042814 20221018050302
20221008042814 20221018020643
20221008042814 20221015041944
20221008042814 20221015014643
20221008042814 20221014215609
20221008042814 20221014201909
20221008042814 20221014071406
20221008042814 20221014062642
20221008042814 20221007043646
20221008042814 20221012221003
20221008042814 20221012212839
20221008042814 20221012145054
20221008042814 20221011092421
20221008042814 20221006213953
20221008042814 20221012083444
20221008042814 20221007044552
20221008042814 20221009104752
20221008042814 20221009001740
20221008042814 20221010142810
20221008042814 20221009023024
20221008042814 20221010155109
20221008042814 20221006032546
20221008042814 20221009192000
20221008042814 20221011193153
20221008042814 20221011192157
20221008042814 20221011145639
20221008042814 20221011095447
20221008042814 20221011094643
20221008042814 20221011093146
20221008042814 20221011092204
20221008042814 20221010152742
20221008042814 20221010071719
20221008042814 20221008214406
20221008042814 20221009171616
20221008042814 20221009165318
20221008042814 20221009102436
20221008042814 20221009022138
20221008042814 20221008213627
20221008042814 20221008190117
20221008042814 20221008182309
20221008042814 20221008181005
20221008042814 20221006084204
20221008042814 20221008061845
20221008042814 20221006153641
20221008042814 20221006013313
20221008042814 20221007220451
20221008042814 20221003151424
20221008042814 20221003150098
20221008042814 20221003151284
20221008042814 20221028175711
20221008042814 20221031173606
20221013021614 20221013195816
20221013021614 20221012083444
20221013021614 20221014071406
20221013021614 20221013203732
20221013021614 20221022232030
20221013021614 20221012102820
20221013021614 20221015021344
20221013021614 20221011155715
20221013021614 20221014153143
20221013021614 20221014070023
20221013021614 20221013204452
20221013021614 20221012102144
20221013021614 20221006032546
20221013021614 20221023182804
20221013021614 20221014215609
20221013021614 20221008042814
20221013021614 20221025024238
20221013021614 20221026080325
20221013021614 20221026135851
20221013021614 20221026182432
20221013021614 20221007043259
20221013021614 20221009162538
20221013021614 20221003151267
20221013021614 20221030094509
20221013021614 20221014025416
20221013021614 20221028172836
20221013021614 20221031173606
20221013021614 20221009192000
20221014164014 20221003150242
20221014164014 20221003151203
20221014164014 20221003151179
20221014164014 20221003150862
20221014164014 20221003150312
20221014164014 20221003151193
20221014185614 20221003151196
20221014185614 20221016233451
20221014185614 20221003151443
20221014185814 20221003150882
20221014185814 20221016233346
20221014185814 20221003151443
20221014185914 20221016233512
20221014185914 20221016233356
20221014185914 20221016233434
20221014185914 20221016233424
20221014185914 20221016233414
20221014185914 20221009014200
20221014185914 20221003150722
20221014185914 20221003150721
20221014185914 20221003150724
20221014185914 20221003150723
20221014185914 20221003151443
20221014190114 20221016233505
20221014190114 20221016233319
20221014190114 20221016233316
20221014190114 20221003150224
20221014190114 20221003150223
20221014190114 20221003150225
20221014190114 20221003151443
20221016233314 20221016233316
20221016233314 20221014190250
20221016233314 20221014190001
20221016233314 20221014185643
20221016233314 20221016233313
20221016233414 20221016233415
20221016233414 20221014185953
20221016233414 20221014185914
20221016233414 20221014190201
20221016233414 20221014190212
20221016233414 20221016233412
20221016233514 20221016233516
20221016233514 20221014185935
20221016233514 20221014185619
20221016233514 20221014190224
20221016233514 20221014190227
20221016233514 20221014190253
20221016233514 20221014185531
20221016233514 20221014190105
20221016233514 20221016233512
20221026135114 20221024210849
20221026135114 20221006032546
20221026135114 20221021081636
20221026135114 20221026152737
20221026135114 20221009095853
20221028014614 20221007175034
20221028014614 20221021081636
20221028014614 20221012171100
20221028194014 20221027194304
20221028194014 20221021081636
20221028194014 20221012171100
20221028194014 20221006033248
20221028194014 20221006051705
20221028194014 20221028195517
20221028194014 20221030010849
20221028194014 20221030082715
