20221003150115 20221020154329
20221003150115 20221003150114
20221003150115 20221003150113
20221003150115 20221003150111
20221003150115 20221014185459
20221003150215 20221014185519
20221003150215 20221013194055
20221003150215 20221003151274
20221003150215 20221003150214
20221003150215 20221003150213
20221003150215 20221003150212
20221003150315 20221008221548
20221003150315 20221003151363
20221003150315 20221003150946
20221003150315 20221003150105
20221003150315 20221003150104
20221003150315 20221003150103
20221003150315 20221003150101
20221003150315 20221003150316
20221003150515 20221003150512
20221003150515 20221003150509
20221003150515 20221003150503
20221003150515 20221014190018
20221003150515 20221008081231
20221003150515 20221003150514
20221003150515 20221003150513
20221003150615 20221014185946
20221003150615 20221003150623
20221003150715 20221014185917
20221003150715 20221003150294
20221003150715 20221007220451
20221003150715 20221003150716
20221003150815 20221014185848
20221003150815 20221003150816
20221003150815 20221005200242
20221003150915 20221014185808
20221003150915 20221009005402
20221003150915 20221007205652
20221003150915 20221003150920
20221003151015 20221003150838
20221003151015 20221003151016
20221003151015 20221014185730
20221003151015 20221003150628
20221003151015 20221003151017
20221003151115 20221014185655
20221003151115 20221007220451
20221003151115 20221003151124
20221003151115 20221003151114
20221003151115 20221003151113
20221003151115 20221003151112
20221003151115 20221005200242
20221003151215 20221013222124
20221003151215 20221014185557
20221003151215 20221013171453
20221003151215 20221013194055
20221003151215 20221003151274
20221003151215 20221003151217
20221003151315 20221014190250
20221003151315 20221006191703
20221003151315 20221003151316
20221003151315 20221003151314
20221003151415 20221014185450
20221003151415 20221008215139
20221003151415 20221003151424
20221006140015 20221012221003
20221006204315 20221011175709
20221006204315 20221008061845
20221006204315 20221007043259
20221006204315 20221006213953
20221006204315 20221006142610
20221006204315 20221006020303
20221006204315 20221006013313
20221011155715 20221013204452
20221011155715 20221014215609
20221011155715 20221013021614
20221011155715 20221011192157
20221011155715 20221012070358
20221011155715 20221012061227
20221011155715 20221009192000
20221011155715 20221008061845
20221011155715 20221006032546
20221011155715 20221006140520
20221014185515 20221016233507
20221014185515 20221003151443
20221014185715 20221016233601
20221014185715 20221003151067
20221014185715 20221003151066
20221014185715 20221003151065
20221014185715 20221003151443
20221014185915 20221016233558
20221014185915 20221009014200
20221014185915 20221003150720
20221014185915 20221003150718
20221014185915 20221003150719
20221014185915 20221003151443
20221014190015 20221016233723
20221014190015 20221003151443
20221014190115 20221003150117
20221014190115 20221003150222
20221014190115 20221016233321
20221014190115 20221003151443
20221014190215 20221003150080
20221014190215 20221016233308
20221014190215 20221016233427
20221014190215 20221003151443
20221015024515 20221003150896
20221015024515 20221003150195
20221015024515 20221015024136
20221016233415 20221016233417
20221016233415 20221014190140
20221016233415 20221014185808
20221016233415 20221014185917
20221016233415 20221016233414
20221016233615 20221016233616
20221016233615 20221014185629
20221016233615 20221014185509
20221016233615 20221016233613
20221016233715 20221016233716
20221016233715 20221014185622
20221016233715 20221014185507
20221016233715 20221016233713
20221018050715 20221022000131
20221018050715 20221003150179
20221018050715 20221008215655
20221018050715 20221018050302
20221018050715 20221008215400
20221018050715 20221008213254
20221018050715 20221006025356
20221018050715 20221009165318
20221018050715 20221009014200
20221018050715 20221008021753
20221019143615 20221012153512
20221019143615 20221008054439
20221019143615 20221003151278
20221019143615 20221003151276
20221019143615 20221003150662
20221019143615 20221017084532
20221019143615 20221008215400
20221019143615 20221019143424
20221022232615 20221011092421
20221022232615 20221006213953
20221022232615 20221008042814
