20221003150116 20221020154329
20221003150116 20221014185458
20221003150116 20221003151161
20221003150116 20221003150604
20221003150116 20221003150107
20221003150216 20221014185518
20221003150216 20221003150217
20221003150316 20221003150315
20221003150316 20221009005402
20221003150316 20221003151192
20221003150316 20221003150104
20221003150516 20221008214935
20221003150516 20221014190016
20221003150516 20221003150517
20221003150616 20221014185946
20221003150616 20221003150623
20221003150716 20221003150631
20221003150716 20221017172946
20221003150716 20221014185917
20221003150716 20221003150294
20221003150716 20221003150717
20221003150716 20221003150715
20221003150716 20221003150714
20221003150716 20221005200242
20221003150816 20221017180938
20221003150816 20221014185848
20221003150816 20221003150815
20221003150816 20221003150814
20221003150816 20221005200242
20221003150916 20221003150882
20221003150916 20221014185808
20221003150916 20221009005402
20221003150916 20221007205652
20221003150916 20221003150920
20221003151016 20221003151015
20221003151016 20221014185730
20221003151016 20221003150628
20221003151016 20221013035124
20221003151016 20221003151017
20221003151016 20221003150648
20221003151016 20221003150644
20221003151116 20221014185655
20221003151116 20221003151117
20221003151216 20221013175128
20221003151216 20221007220451
20221003151216 20221013222124
20221003151216 20221014185557
20221003151216 20221007043259
20221003151216 20221003151217
20221003151316 20221014190250
20221003151316 20221003151315
20221003151316 20221003151313
20221003151316 20221003151312
20221003151316 20221003151311
20221003151316 20221003151310
20221003151416 20221014185450
20221003151416 20221003151424
20221009171616 20221008214406
20221009171616 20221009172351
20221009171616 20221009172522
20221009171616 20221006084204
20221009171616 20221008213627
20221009171616 20221008042814
20221009171616 20221006013612
20221009171616 20221007182026
20221009171616 20221006032546
20221009171616 20221008061845
20221011182016 20221003151207
20221011182016 20221003151210
20221011182016 20221011184954
20221011182016 20221011182140
20221011182016 20221011181820
20221011182016 20221011181347
20221012211416 20221003150221
20221012211416 20221008215139
20221012211416 20221003150972
20221012211416 20221003151153
20221012211416 20221003150219
20221013005916 20221003150098
20221013005916 20221006084204
20221013035616 20221014181941
20221013035616 20221003150293
20221013035616 20221003150361
20221013035616 20221003151322
20221013035616 20221003151442
20221013035616 20221008212000
20221013035616 20221003151393
20221013035616 20221010175613
20221013035616 20221003150081
20221013035616 20221008214631
20221013035616 20221006153641
20221013035616 20221008052510
20221013035616 20221006185420
20221013035616 20221006213130
20221013035616 20221009192000
20221013035616 20221009104752
20221013035616 20221008211707
20221013195816 20221009095853
20221013195816 20221013204452
20221013195816 20221013021614
20221013195816 20221006084204
20221014025416 20221011153359
20221014025416 20221008054439
20221014025416 20221006084204
20221014025416 20221023084432
20221014025416 20221013221136
20221014025416 20221008042814
20221014025416 20221006032546
20221014025416 20221030041924
20221014185516 20221003150218
20221014185516 20221016233301
20221014185516 20221016233427
20221014185516 20221003151443
20221014185616 20221003151195
20221014185616 20221016233512
20221014185616 20221016233451
20221014185616 20221003151443
20221014185716 20221003151064
20221014185716 20221003151063
20221014185716 20221003151061
20221014185716 20221003151062
20221014185716 20221016233520
20221014185716 20221003151443
20221014185816 20221003150881
20221014185816 20221016233313
20221014185816 20221003151443
20221014190016 20221016233718
20221014190016 20221003150516
20221014190016 20221003150517
20221014190016 20221003151443
20221014190216 20221016233505
20221014190216 20221003150078
20221014190216 20221003150079
20221014190216 20221003150077
20221014190216 20221003151443
20221015004916 20221015005218
20221015004916 20221008221548
20221015004916 20221008212802
20221015004916 20221003150798
20221015004916 20221015004252
20221016233316 20221016233318
20221016233316 20221014190114
20221016233316 20221014190155
20221016233316 20221014190128
20221016233316 20221016233314
20221016233516 20221016233518
20221016233516 20221014185706
20221016233516 20221014185958
20221016233516 20221014190056
20221016233516 20221014190117
20221016233516 20221014190229
20221016233516 20221014185509
20221016233516 20221014185600
20221016233516 20221014185635
20221016233516 20221014190238
20221016233516 20221016233514
20221016233616 20221016233618
20221016233616 20221014190047
20221016233616 20221016233615
20221016233716 20221016233718
20221016233716 20221014185600
20221016233716 20221014190147
20221016233716 20221014190259
20221016233716 20221014190047
20221016233716 20221014185559
20221016233716 20221014185622
20221016233716 20221016233715
20221018160416 20221017080207
20221018160416 20221003151191
20221018160416 20221003150968
20221018160416 20221008215655
20221018160416 20221008215530
20221018160416 20221008215325
20221018160416 20221003150577
20221024180316 20221006032546
20221024180316 20221021081636
20221024180316 20221008042814
20221024215216 20221013221136
20221024215216 20221008042814
20221024215216 20221023085822
