20221003150117 20221003150126
20221003150117 20221003150631
20221003150117 20221014190115
20221003150117 20221003151258
20221003150117 20221011092421
20221003150117 20221007220451
20221003150117 20221003150717
20221003150117 20221003150648
20221003150117 20221003150222
20221003150117 20221003150253
20221003150117 20221003150455
20221003150217 20221014185518
20221003150217 20221009015558
20221003150217 20221003150216
20221003150317 20221011092421
20221003150317 20221007220451
20221003150317 20221006214729
20221003150317 20221003151155
20221003150317 20221025221046
20221003150517 20221003150192
20221003150517 20221003151214
20221003150517 20221003151213
20221003150517 20221014190016
20221003150517 20221003150330
20221003150517 20221009005402
20221003150517 20221003150516
20221003150517 20221005200242
20221003150617 20221014185946
20221003150617 20221003150623
20221003150717 20221017172946
20221003150717 20221003150631
20221003150717 20221014185917
20221003150717 20221003150117
20221003150717 20221003150294
20221003150717 20221003150716
20221003150717 20221003150711
20221003150717 20221003150710
20221003150817 20221014185848
20221003150817 20221003150819
20221003150917 20221014185808
20221003150917 20221003150135
20221003150917 20221013190051
20221003150917 20221003150892
20221003150917 20221009005402
20221003150917 20221003150920
20221003151017 20221020160107
20221003151017 20221003150838
20221003151017 20221014185730
20221003151017 20221003151016
20221003151017 20221003151015
20221003151117 20221014185655
20221003151117 20221007220451
20221003151117 20221003151124
20221003151117 20221003151116
20221003151217 20221013222124
20221003151217 20221014185557
20221003151217 20221013171453
20221003151217 20221014142356
20221003151217 20221003151216
20221003151217 20221003151215
20221003151317 20221003151318
20221003151317 20221014190248
20221003151417 20221014185450
20221003151417 20221003151424
20221003151417 20221003151418
20221008190117 20221014154703
20221008190117 20221011193153
20221008190117 20221010184202
20221008190117 20221010074318
20221008190117 20221009095853
20221008190117 20221007062330
20221008190117 20221008042814
20221008190117 20221008061845
20221008190117 20221007194303
20221008190117 20221003150798
20221014185617 20221003151194
20221014185617 20221016233518
20221014185617 20221016233632
20221014185617 20221016233549
20221014185617 20221016233527
20221014185617 20221016233520
20221014185617 20221016233500
20221014185617 20221016233635
20221014185617 20221016233623
20221014185617 20221016233458
20221014185617 20221016233451
20221014185617 20221003151443
20221014185817 20221003150880
20221014185817 20221016233401
20221014185817 20221003151443
20221014185917 20221016233415
20221014185917 20221016233549
20221014185917 20221016233542
20221014185917 20221016233505
20221014185917 20221016233357
20221014185917 20221009014200
20221014185917 20221003150716
20221014185917 20221003150711
20221014185917 20221003150714
20221014185917 20221003150712
20221014185917 20221003150710
20221014185917 20221003150717
20221014185917 20221003150713
20221014185917 20221003150715
20221014185917 20221003151443
20221014190117 20221016233516
20221014190117 20221016233503
20221014190117 20221009014200
20221014190117 20221003151350
20221014190117 20221003151348
20221014190117 20221003151344
20221014190117 20221003151443
20221016233417 20221016233419
20221016233417 20221014190135
20221016233417 20221016233415
20221018182017 20221019141821
20221018182017 20221009104752
20221018182017 20221006033248
20221018182017 20221003151329
20221018182017 20221003151299
20221018182017 20221003150098
20221028195517 20221006033248
20221028195517 20221027194304
20221028195517 20221028194014
20221028195517 20221028161058
20221028195517 20221012171100
20221028195517 20221030050459
20221028195517 20221003150067
20221028195517 20221030085217
20221030085217 20221027194304
20221030085217 20221006033248
20221030085217 20221028195517
20221030085217 20221012171100
