20221003150118 20221014190212
20221003150118 20221013222124
20221003150118 20221014160551
20221003150118 20221013185251
20221003150118 20221008212802
20221003150118 20221010222312
20221003150118 20221008061845
20221003150118 20221003151153
20221003150118 20221003150862
20221003150118 20221020000848
20221003150218 20221014185516
20221003150218 20221012153843
20221003150218 20221012153643
20221003150218 20221009015558
20221003150218 20221003150210
20221003150318 20221025221046
20221003150518 20221003150526
20221003150518 20221003150512
20221003150518 20221003150509
20221003150518 20221003150503
20221003150618 20221014185946
20221003150618 20221003150623
20221003150718 20221014185915
20221003150718 20221003150426
20221003150718 20221003150720
20221003150818 20221014185848
20221003150818 20221003150819
20221003150918 20221014185808
20221003150918 20221009005402
20221003150918 20221003150920
20221003151018 20221014185729
20221003151018 20221003151019
20221003151118 20221014185655
20221003151118 20221003151124
20221003151218 20221014185556
20221003151218 20221003151176
20221003151218 20221003151172
20221003151218 20221003151144
20221003151218 20221003150488
20221003151318 20221003151317
20221003151318 20221014190248
20221003151318 20221013171453
20221003151418 20221003151417
20221003151418 20221014185450
20221003151418 20221003151424
20221006035818 20221018183943
20221006035818 20221007205652
20221006035818 20221003151209
20221006035818 20221006213953
20221006035818 20221009023024
20221006035818 20221006200018
20221006035818 20221006191703
20221006035818 20221006142610
20221006035818 20221006073459
20221006035818 20221006063114
20221006035818 20221006033248
20221006035818 20221003150073
20221006035818 20221003150175
20221006035818 20221003151239
20221006200018 20221010155109
20221006200018 20221010150900
20221006200018 20221007043259
20221006200018 20221006214142
20221006200018 20221003151389
20221006200018 20221003151424
20221006200018 20221006035818
20221009102918 20221021221931
20221009102918 20221021202250
20221009102918 20221020183231
20221009102918 20221010044240
20221009102918 20221009095853
20221009102918 20221013221136
20221009102918 20221008213627
20221009102918 20221006084204
20221009165318 20221018050302
20221009165318 20221018050715
20221009165318 20221012061227
20221009165318 20221008042814
20221009165318 20221009014200
20221009165318 20221008021753
20221009165318 20221006032546
20221010074318 20221015014643
20221010074318 20221006010531
20221010074318 20221003151299
20221010074318 20221003151424
20221010074318 20221003151338
20221010074318 20221003150210
20221010074318 20221003150993
20221010074318 20221003150339
20221010074318 20221007200304
20221010074318 20221008190117
20221010074318 20221003151438
20221010074318 20221006145626
20221010074318 20221008061845
20221010074318 20221003150080
20221010074318 20221003150194
20221010074318 20221009162948
20221010074318 20221008214631
20221010074318 20221003150177
20221010074318 20221003150067
20221010074318 20221003151267
20221011085218 20221003150098
20221011085218 20221008061845
20221011085218 20221003151264
20221011085218 20221003151267
20221011085218 20221003150067
20221012070318 20221020044600
20221012070318 20221003150079
20221012070318 20221020000848
20221012070318 20221019002732
20221012070318 20221003150191
20221012070318 20221003150194
20221012070318 20221015065151
20221012070318 20221015064621
20221012070318 20221003150174
20221012070318 20221014160244
20221012070318 20221008181850
20221012070318 20221003150080
20221012070318 20221014074852
20221012070318 20221003150195
20221012070318 20221003151442
20221012070318 20221012102144
20221012070318 20221012070836
20221012070318 20221003150564
20221012070318 20221003151259
20221012070318 20221003151424
20221012070318 20221003151299
20221012070318 20221003150201
20221012070318 20221003150182
20221012070318 20221003151174
20221012070318 20221003150551
20221012070318 20221006025356
20221014074318 20221014074726
20221014074318 20221003150067
20221014074318 20221008215400
20221014074318 20221008213254
20221014074318 20221003151350
20221014074318 20221014073148
20221014074318 20221006033248
20221014074318 20221006032546
20221014074318 20221008214406
20221014185518 20221016233427
20221014185518 20221016233254
20221014185518 20221003150217
20221014185518 20221003150216
20221014185518 20221003151443
20221014185718 20221003151153
20221014185718 20221016233739
20221014185718 20221016233520
20221014185718 20221016233518
20221014185718 20221016233507
20221014185718 20221016233650
20221014185718 20221016233642
20221014185718 20221016233641
20221014185718 20221016233639
20221014185718 20221016233637
20221014185718 20221003151034
20221014185718 20221003151039
20221014185718 20221003151050
20221014185718 20221003151038
20221014185718 20221003151042
20221014185718 20221003151045
20221014185718 20221003151047
20221014185718 20221003151048
20221014185718 20221003151033
20221014185718 20221003151043
20221014185718 20221003151046
20221014185718 20221003151049
20221014185718 20221003151044
20221014185718 20221003151443
20221014185918 20221016233407
20221014185918 20221016233737
20221014185918 20221016233556
20221014185918 20221016233540
20221014185918 20221016233505
20221014185918 20221016233323
20221014185918 20221009014200
20221014185918 20221003150705
20221014185918 20221003150706
20221014185918 20221003150709
20221014185918 20221003150700
20221014185918 20221003150701
20221014185918 20221003150703
20221014185918 20221003150699
20221014185918 20221003150702
20221014185918 20221003150708
20221014185918 20221003150707
20221014185918 20221003150704
20221014185918 20221003151443
20221014190018 20221016233505
20221014190018 20221016233427
20221014190018 20221016233420
20221014190018 20221003150514
20221014190018 20221003150513
20221014190018 20221003150515
20221014190018 20221003151443
20221014190218 20221003150076
20221014190218 20221016233306
20221014190218 20221003151443
20221015005218 20221015005249
20221015005218 20221015004916
20221015005218 20221007194303
20221016233318 20221016233319
20221016233318 20221014190040
20221016233318 20221014185644
20221016233318 20221014185646
20221016233318 20221014190301
20221016233318 20221016233316
20221016233518 20221016233520
20221016233518 20221014185657
20221016233518 20221014185718
20221016233518 20221014185710
20221016233518 20221014185602
20221016233518 20221014190057
20221016233518 20221014190056
20221016233518 20221014185617
20221016233518 20221014185632
20221016233518 20221014185450
20221016233518 20221014185509
20221016233518 20221014185706
20221016233518 20221016233516
20221016233618 20221016233620
20221016233618 20221014185456
20221016233618 20221014185629
20221016233618 20221014190039
20221016233618 20221014185655
20221016233618 20221014185600
20221016233618 20221014185545
20221016233618 20221014185603
20221016233618 20221014185450
20221016233618 20221014185602
20221016233618 20221014185735
20221016233618 20221014190144
20221016233618 20221016233616
20221016233718 20221016233720
20221016233718 20221014190016
20221016233718 20221016233716
20221021183918 20221003150929
20221021183918 20221003151291
20221021183918 20221003151290
20221021183918 20221008212519
