20221003150119 20221014190210
20221003150119 20221003150120
20221003150119 20221003150126
20221003150219 20221012211416
20221003150319 20221025221046
20221003150419 20221014190047
20221003150419 20221003150251
20221003150419 20221003150392
20221003150419 20221005200242
20221003150519 20221014190013
20221003150519 20221003150520
20221003150619 20221014185946
20221003150619 20221003150623
20221003150719 20221014185915
20221003150719 20221003150720
20221003150819 20221003151149
20221003150819 20221017182222
20221003150819 20221017180938
20221003150819 20221014185848
20221003150819 20221003150818
20221003150819 20221003150817
20221003150819 20221005200242
20221003150919 20221014185808
20221003150919 20221009005402
20221003150919 20221003150920
20221003151019 20221014185729
20221003151019 20221003151018
20221003151119 20221014185655
20221003151119 20221007220451
20221003151119 20221003151124
20221003151219 20221013222124
20221003151219 20221014185554
20221003151219 20221003151220
20221003151319 20221014190247
20221003151319 20221003151321
20221003151419 20221014185450
20221003151419 20221003151424
20221007051119 20221021221931
20221007051119 20221013204452
20221007051119 20221011153230
20221007051119 20221008214406
20221007051119 20221009091132
20221007051119 20221007175034
20221007051119 20221007062330
20221007051119 20221006032933
20221007051119 20221006032546
20221007051119 20221026182432
20221008212519 20221021183918
20221008212519 20221014205906
20221008212519 20221014074726
20221008212519 20221003150255
20221008212519 20221003150328
20221008212519 20221012154324
20221008212519 20221012154059
20221008212519 20221012153019
20221008212519 20221012135301
20221008212519 20221008213122
20221008212519 20221008214935
20221008212519 20221003151338
20221008212519 20221003151441
20221008212519 20221003151350
20221008212519 20221003150355
20221008212519 20221008210209
20221008212519 20221003151332
20221008212519 20221003151329
20221008212519 20221003151424
20221008212519 20221003151299
20221008212519 20221003150946
20221008212519 20221003151292
20221008212519 20221003151271
20221010064819 20221008181005
20221010064819 20221003151403
20221010064819 20221003150660
20221010064819 20221003150237
20221010064819 20221003150236
20221010064819 20221003150238
20221010064819 20221003150239
20221010064819 20221003151382
20221010064819 20221008195148
20221010064819 20221007194303
20221010064819 20221008213357
20221010064819 20221006025730
20221010064819 20221003150285
20221010064819 20221008221548
20221010064819 20221003151210
20221010064819 20221003151207
20221010064819 20221008221940
20221010064819 20221008215400
20221010064819 20221008215139
20221010064819 20221008215739
20221010071719 20221007044552
20221010071719 20221008061845
20221010071719 20221008042814
20221012152319 20221013185120
20221012152319 20221003150248
20221012152319 20221012153843
20221012152319 20221012152421
20221012152319 20221009001455
20221012152319 20221006213821
20221012152319 20221006213311
20221012152319 20221006213649
20221012152319 20221003150325
20221012152319 20221003150978
20221012152319 20221008221548
20221012152319 20221008221822
20221012152319 20221007194303
20221012153019 20221019143424
20221012153019 20221012153227
20221012153019 20221008212000
20221012153019 20221008212519
20221012153019 20221003151289
20221012153019 20221003150295
20221012153019 20221008221548
20221014185519 20221016233427
20221014185519 20221016233254
20221014185519 20221016233505
20221014185519 20221003150214
20221014185519 20221003150212
20221014185519 20221003150213
20221014185519 20221003150215
20221014185519 20221003151443
20221014185619 20221016233535
20221014185619 20221016233530
20221014185619 20221016233514
20221014185619 20221016233650
20221014185619 20221016233642
20221014185619 20221016233625
20221014185619 20221016233621
20221014185619 20221016233453
20221014185619 20221016233558
20221014185619 20221016233549
20221014185619 20221016233547
20221014185619 20221016233545
20221014185619 20221016233540
20221014185619 20221016233538
20221014185619 20221016233529
20221014185619 20221016233527
20221014185619 20221016233522
20221014185619 20221016233520
20221014185619 20221016233512
20221014185619 20221016233510
20221014185619 20221016233500
20221014185619 20221016233644
20221014185619 20221016233635
20221014185619 20221016233632
20221014185619 20221016233451
20221014185619 20221016233739
20221014185619 20221016233734
20221014185619 20221016233723
20221014185619 20221016233702
20221014185619 20221016233700
20221014185619 20221013222124
20221014185619 20221003151185
20221014185619 20221003151181
20221014185619 20221003151180
20221014185619 20221003151187
20221014185619 20221003151193
20221014185619 20221003151189
20221014185619 20221003151192
20221014185619 20221003151182
20221014185619 20221003151191
20221014185619 20221003151190
20221014185619 20221003151186
20221014185619 20221003151188
20221014185619 20221003151183
20221014185619 20221003151184
20221014185619 20221003151443
20221014185719 20221016233648
20221014185719 20221003151443
20221014185819 20221016233347
20221014185819 20221016233609
20221014185819 20221003150877
20221014185819 20221003150879
20221014185819 20221003151443
20221014190019 20221016233723
20221014190019 20221013222124
20221014190019 20221003150510
20221014190019 20221003150512
20221014190019 20221003150511
20221014190019 20221003151443
20221014190119 20221016233447
20221014190119 20221016233505
20221014190119 20221003151343
20221014190119 20221003151342
20221014190119 20221003151443
20221014190219 20221016233512
20221014190219 20221003150075
20221014190219 20221003150074
20221014190219 20221003151443
20221016233319 20221016233321
20221016233319 20221014190114
20221016233319 20221014185811
20221016233319 20221014190250
20221016233319 20221014190239
20221016233319 20221014190154
20221016233319 20221016233318
20221016233419 20221016233420
20221016233419 20221014185753
20221016233419 20221014185808
20221016233419 20221014185935
20221016233419 20221014190108
20221016233419 20221014185842
20221016233419 20221016233417
20221017030519 20221017030222
20221017030519 20221006013612
20221017030519 20221008042814
20221017030519 20221006054727
20221017030519 20221016233522
20221018022719 20221012090938
20221018161819 20221009095853
20221018161819 20221013173355
20221018161819 20221013035124
20221018161819 20221006013612
20221018161819 20221003150786
20221022210719 20221013185251
20221022210719 20221003150156
20221022210719 20221014190056
20221022210719 20221003150305
20221022210719 20221003150302
20221022210719 20221003150313
20221022210719 20221003150298
20221022210719 20221003150309
20221022210719 20221003150296
20221022210719 20221003150308
20221022210719 20221003150299
20221022210719 20221003150297
20221022210719 20221003150306
20221022210719 20221003150300
20221022210719 20221003150301
20221022210719 20221003150304
20221022210719 20221003150314
20221022210719 20221003150312
20221022210719 20221003150310
20221022210719 20221003150311
20221022210719 20221003150303
20221024080719 20221010222312
20221024080719 20221024082446
