20221003150120 20221003150119
20221003150120 20221014190210
20221003150120 20221003150126
20221003150120 20221003150197
20221003150220 20221014190233
20221003150220 20221003150221
20221003150320 20221025221046
20221003150420 20221003150242
20221003150420 20221013173355
20221003150420 20221008215655
20221003150420 20221006025356
20221003150520 20221014190013
20221003150520 20221003150522
20221003150520 20221003150519
20221003150620 20221014185946
20221003150620 20221003150623
20221003150620 20221005200242
20221003150720 20221009014200
20221003150720 20221014185915
20221003150720 20221003150719
20221003150720 20221003150718
20221003150720 20221005200242
20221003150820 20221003151179
20221003150820 20221014185846
20221003150820 20221009005402
20221003150820 20221003150822
20221003150920 20221019220305
20221003150920 20221007220451
20221003150920 20221006025356
20221003150920 20221003151210
20221003150920 20221003150194
20221003150920 20221014185808
20221003150920 20221013173355
20221003150920 20221003150565
20221003150920 20221003150892
20221003150920 20221003150891
20221003150920 20221009005402
20221003150920 20221003150919
20221003150920 20221003150918
20221003150920 20221003150917
20221003150920 20221003150916
20221003150920 20221003150915
20221003150920 20221003150914
20221003150920 20221003150913
20221003150920 20221003150912
20221003150920 20221003150911
20221003150920 20221003150910
20221003150920 20221003150909
20221003150920 20221003150908
20221003150920 20221003150907
20221003150920 20221003150904
20221003150920 20221003150903
20221003150920 20221003150902
20221003150920 20221003150901
20221003150920 20221003150896
20221003150920 20221003150895
20221003150920 20221003150894
20221003151020 20221014185727
20221003151020 20221009005402
20221003151020 20221007220451
20221003151020 20221003151186
20221003151020 20221003151183
20221003151020 20221003150438
20221003151020 20221010054621
20221003151120 20221014185655
20221003151120 20221013194055
20221003151120 20221007220451
20221003151120 20221003151124
20221003151220 20221012153512
20221003151220 20221013222124
20221003151220 20221014185554
20221003151220 20221003151219
20221003151320 20221014190247
20221003151320 20221003151321
20221003151420 20221014185450
20221003151420 20221003151424
20221003151420 20221003151421
20221006140520 20221013204452
20221006140520 20221012102820
20221006140520 20221011155715
20221006140520 20221011153230
20221006140520 20221008214406
20221006140520 20221009015032
20221006140520 20221006051705
20221006140520 20221006084204
20221006140520 20221006032546
20221006185420 20221013035616
20221006185420 20221007044552
20221006185420 20221003151177
20221006185420 20221003150145
20221011181820 20221011184954
20221011181820 20221011182016
20221011181820 20221011182140
20221011181820 20221011181605
20221011181820 20221011181347
20221011181920 20221003151172
20221011181920 20221003151194
20221011181920 20221009102436
20221011181920 20221011184954
20221011181920 20221011183500
20221011181920 20221011181531
20221011181920 20221011182350
20221011181920 20221011182140
20221011181920 20221011181347
20221012102820 20221013021614
20221012102820 20221015020830
20221012102820 20221003151264
20221012102820 20221003151267
20221012102820 20221003151299
20221012102820 20221006140520
20221012102820 20221006032546
20221013185120 20221003150450
20221013185120 20221003150277
20221013185120 20221003150724
20221013185120 20221003150157
20221013185120 20221003150262
20221013185120 20221012152319
20221013185120 20221008212000
20221013185120 20221008215139
20221013185120 20221006214729
20221013185120 20221007220451
20221013185120 20221008061334
20221014185620 20221003151179
20221014185620 20221016233627
20221014185620 20221016233451
20221014185620 20221016233558
20221014185620 20221003151443
20221014185820 20221016233549
20221014185820 20221003150875
20221014185820 20221003150876
20221014185820 20221003151443
20221014185920 20221016233407
20221014185920 20221016233458
20221014185920 20221009014200
20221014185920 20221003150698
20221014185920 20221003150696
20221014185920 20221003150697
20221014185920 20221003150695
20221014185920 20221003151443
20221014190120 20221003151341
20221014190120 20221016233458
20221014190120 20221003151443
20221015004120 20221003151209
20221015004120 20221012102144
20221015004120 20221015024136
20221015004120 20221003150798
20221015004120 20221003150174
20221015004120 20221003150135
20221015004120 20221003150913
20221015004120 20221015011525
20221015004120 20221014074852
20221015004120 20221003151023
20221015004120 20221003150946
20221015004120 20221015004252
20221015004120 20221011092421
20221015004120 20221006213953
20221015004120 20221006213311
20221015004120 20221006214348
20221015050620 20221008214827
20221015050620 20221008061845
20221015050620 20221003151153
20221015050620 20221003150221
20221015050620 20221013222124
20221015173720 20221003150221
20221015173720 20221012090938
20221016233420 20221016233422
20221016233420 20221014190004
20221016233420 20221014190018
20221016233420 20221016233419
20221016233520 20221016233522
20221016233520 20221014185617
20221016233520 20221014185619
20221016233520 20221014190209
20221016233520 20221014185450
20221016233520 20221014185716
20221016233520 20221014185718
20221016233520 20221016233518
20221016233620 20221016233621
20221016233620 20221014185735
20221016233620 20221016233618
20221016233720 20221016233722
20221016233720 20221014185559
20221016233720 20221014185933
20221016233720 20221014190033
20221016233720 20221014185834
20221016233720 20221014190149
20221016233720 20221014185808
20221016233720 20221014190229
20221016233720 20221014185450
20221016233720 20221016233718
20221028173620 20221028161058
20221028173620 20221003151279
20221028173620 20221006032546
20221028173620 20221025045053
20221028173620 20221012171100
20221031014520 20221014025416
20221031014520 20221012171100
