20221003150121 20221014190210
20221003150121 20221003150122
20221003150221 20221010150900
20221003150221 20221003150220
20221003150221 20221015173720
20221003150221 20221015050620
20221003150221 20221014190233
20221003150221 20221013203732
20221003150221 20221012211416
20221003150221 20221012152421
20221003150321 20221025221046
20221003150421 20221014190047
20221003150421 20221007220451
20221003150421 20221003150425
20221003150421 20221005200242
20221003150521 20221014190013
20221003150521 20221003150522
20221003150621 20221014185946
20221003150621 20221003150623
20221003150721 20221003150279
20221003150721 20221014185914
20221003150721 20221007220451
20221003150721 20221003150724
20221003150821 20221003151179
20221003150821 20221014185846
20221003150821 20221009005402
20221003150821 20221003150822
20221003150921 20221013174958
20221003150921 20221008194048
20221003150921 20221007220451
20221003151021 20221003151178
20221003151021 20221014185726
20221003151021 20221003150240
20221003151021 20221008081231
20221003151021 20221003151023
20221003151021 20221003150572
20221003151121 20221014185655
20221003151121 20221008213254
20221003151121 20221007220451
20221003151121 20221003151124
20221003151221 20221014185553
20221003151221 20221017180938
20221003151221 20221008215139
20221003151221 20221003151207
20221003151221 20221003151167
20221003151221 20221003151153
20221003151221 20221003150946
20221003151321 20221003151329
20221003151321 20221003151299
20221003151321 20221014190247
20221003151321 20221003151320
20221003151321 20221003151319
20221003151421 20221003151420
20221003151421 20221014185450
20221003151421 20221003151424
20221006213821 20221017033801
20221006213821 20221017033638
20221006213821 20221012152319
20221006213821 20221006214729
20221006213821 20221006213414
20221006213821 20221006213130
20221010054621 20221003151020
20221010054621 20221007194303
20221010182721 20221003150445
20221010182721 20221006153641
20221010182721 20221006013612
20221010182721 20221009172351
20221010182721 20221003150243
20221010182721 20221008213825
20221010182721 20221009102436
20221010182721 20221007220451
20221010182721 20221003150444
20221011092421 20221022232615
20221011092421 20221003150966
20221011092421 20221017033638
20221011092421 20221015010931
20221011092421 20221006215623
20221011092421 20221015004120
20221011092421 20221003150117
20221011092421 20221003150271
20221011092421 20221003150317
20221011092421 20221012145054
20221011092421 20221008042814
20221011092421 20221009192000
20221011092421 20221011093146
20221011092421 20221011092959
20221011092421 20221010155109
20221011092421 20221006214142
20221011092421 20221006213953
20221011092421 20221007220451
20221012152421 20221003150248
20221012152421 20221003150293
20221012152421 20221007194303
20221012152421 20221012152319
20221012152421 20221003150221
20221012152421 20221003151153
20221013214821 20221006084204
20221013214821 20221003150098
20221013214821 20221007220451
20221013214821 20221006032546
20221014185521 20221003150211
20221014185521 20221016233437
20221014185521 20221003151443
20221014185721 20221016233702
20221014185721 20221003151027
20221014185721 20221003151028
20221014185721 20221003151443
20221014185921 20221016233549
20221014185921 20221016233344
20221014185921 20221016233505
20221014185921 20221016233323
20221014185921 20221009014200
20221014185921 20221003150692
20221014185921 20221003150687
20221014185921 20221003150690
20221014185921 20221003150689
20221014185921 20221003150693
20221014185921 20221003150688
20221014185921 20221003150691
20221014185921 20221003150686
20221014185921 20221003150694
20221014185921 20221003151443
20221014190021 20221016233723
20221014190021 20221013222124
20221014190021 20221003150508
20221014190021 20221003150507
20221014190021 20221003150505
20221014190021 20221003150506
20221014190021 20221003150504
20221014190021 20221003150509
20221014190021 20221003151443
20221014190221 20221016233434
20221014190221 20221009014200
20221014190221 20221003151288
20221014190221 20221003151287
20221014190221 20221003151289
20221014190221 20221003151443
20221015064621 20221015065151
20221015064621 20221003151442
20221015064621 20221009014200
20221015064621 20221003150148
20221015064621 20221012070318
20221016233321 20221016233323
20221016233321 20221014190115
20221016233321 20221014190137
20221016233321 20221016233319
20221016233621 20221016233623
20221016233621 20221014185450
20221016233621 20221014185619
20221016233621 20221016233620
20221018052621 20221008061845
20221019141821 20221007194303
20221019141821 20221018182017
20221019141821 20221003151332
20221019141821 20221003151329
20221019141821 20221003151299
20221019141821 20221006214142
20221019141821 20221016233432
20221025221321 20221025221046
20221025221321 20221003150322
20221025221321 20221003150326
