20221003150122 20221003150121
20221003150122 20221014190210
20221003150122 20221003150126
20221003150222 20221014190115
20221003150222 20221017172946
20221003150222 20221007220451
20221003150222 20221013185251
20221003150222 20221003150117
20221003150322 20221007220451
20221003150322 20221003151210
20221003150322 20221003151155
20221003150322 20221025221321
20221003150422 20221014190047
20221003150422 20221003150425
20221003150422 20221003150748
20221003150422 20221013035124
20221003150422 20221003150424
20221003150422 20221005200242
20221003150522 20221014190013
20221003150522 20221003150521
20221003150522 20221003150520
20221003150522 20221005200242
20221003150622 20221014185946
20221003150622 20221013194055
20221003150622 20221003151274
20221003150622 20221003150623
20221003150722 20221014185914
20221003150722 20221003150724
20221003150822 20221017182053
20221003150822 20221003151179
20221003150822 20221014185846
20221003150822 20221009005402
20221003150822 20221007220451
20221003150822 20221003150821
20221003150822 20221003150820
20221003150822 20221005200242
20221003150922 20221003151210
20221003150922 20221014185805
20221003150922 20221003150923
20221003151022 20221014185726
20221003151022 20221003151023
20221003151122 20221014185655
20221003151122 20221003151124
20221003151222 20221013222124
20221003151222 20221014185551
20221003151222 20221008213122
20221003151222 20221003151223
20221003151322 20221003151393
20221003151322 20221014190245
20221003151322 20221013190051
20221003151322 20221013035616
20221003151322 20221003151174
20221003151322 20221003151155
20221003151422 20221014185450
20221003151422 20221003151424
20221006140122 20221012221003
20221008213122 20221008213357
20221008213122 20221008213627
20221008213122 20221003151222
20221008213122 20221003151153
20221008213122 20221006025356
20221008213122 20221008212519
20221008213122 20221008212802
20221008221822 20221015005535
20221008221822 20221003151408
20221008221822 20221014071406
20221008221822 20221003150291
20221008221822 20221003150252
20221008221822 20221013180125
20221008221822 20221003150450
20221008221822 20221003150438
20221008221822 20221003150436
20221008221822 20221003150874
20221008221822 20221003151168
20221008221822 20221003150968
20221008221822 20221012152319
20221008221822 20221011075934
20221008221822 20221003150490
20221008221822 20221003150243
20221008221822 20221003150489
20221008221822 20221003150434
20221008221822 20221003150491
20221008221822 20221003150499
20221008221822 20221008212802
20221008221822 20221008221548
20221008221822 20221003151192
20221008221822 20221003151193
20221009172522 20221020183231
20221009172522 20221015041944
20221009172522 20221014073148
20221009172522 20221011193153
20221009172522 20221011175709
20221009172522 20221009192000
20221009172522 20221011094643
20221009172522 20221009171616
20221009172522 20221008212802
20221009172522 20221009172351
20221009172522 20221024213239
20221013190422 20221003150890
20221013190422 20221003151205
20221013190422 20221003151206
20221013190422 20221003151208
20221013190422 20221003151172
20221013190422 20221003151198
20221013190422 20221003151189
20221013190422 20221003151197
20221013190422 20221003151030
20221013190422 20221003151029
20221013190422 20221003150880
20221013190422 20221003150331
20221013190422 20221003151207
20221013190422 20221003151210
20221013190422 20221011183500
20221014150222 20221014191506
20221014150222 20221014183030
20221014150222 20221007182026
20221014150222 20221014062642
20221014150222 20221009095853
20221014150222 20221006013612
20221014150222 20221009172351
20221014150222 20221003151443
20221014150222 20221012212839
20221014185522 20221016233427
20221014185522 20221016233254
20221014185522 20221016233505
20221014185522 20221003150209
20221014185522 20221003150210
20221014185522 20221003150208
20221014185522 20221003151443
20221014185622 20221003151178
20221014185622 20221016233637
20221014185622 20221016233608
20221014185622 20221016233606
20221014185622 20221016233601
20221014185622 20221016233716
20221014185622 20221016233715
20221014185622 20221016233713
20221014185622 20221016233712
20221014185622 20221016233700
20221014185622 20221016233558
20221014185622 20221016233512
20221014185622 20221016233658
20221014185622 20221016233657
20221014185622 20221003151443
20221014185722 20221003151026
20221014185722 20221016233451
20221014185722 20221003151443
20221014185822 20221003150874
20221014185822 20221016233347
20221014185822 20221009014200
20221014185822 20221003151443
20221014190022 20221016233723
20221014190022 20221003150502
20221014190022 20221003150501
20221014190022 20221003150503
20221014190022 20221003151443
20221014190122 20221003151340
20221014190122 20221016233436
20221014190122 20221003151443
20221014190222 20221016233609
20221014190222 20221003151285
20221014190222 20221003151286
20221014190222 20221003151443
20221016233422 20221016233424
20221016233422 20221014185756
20221016233422 20221016233420
20221016233522 20221016233523
20221016233522 20221014185619
20221016233522 20221014185953
20221016233522 20221014185955
20221016233522 20221014185733
20221016233522 20221014185849
20221016233522 20221014185935
20221016233522 20221016233520
20221016233522 20221017030519
20221016233722 20221016233723
20221016233722 20221014185843
20221016233722 20221016233720
20221017030222 20221017030519
20221017030222 20221006013612
20221017030222 20221016233254
20221017030222 20221003151443
20221017030222 20221006054727
20221017030222 20221009095853
20221017030222 20221027134758
20221017173622 20221013035124
20221017173622 20221008042814
20221017173622 20221006013612
20221017173622 20221003150465
20221017173622 20221026181955
20221017173622 20221021071146
20221017173622 20221027134758
20221017173622 20221018145628
20221017173622 20221008063052
20221017173622 20221027150053
20221017182222 20221019150908
20221017182222 20221003150686
20221017182222 20221003150819
20221017182222 20221003150673
20221017182222 20221003150753
20221017182222 20221017180938
20221017182222 20221017182053
20221023085822 20221013221136
20221023085822 20221008042814
20221023085822 20221024215216
20221023085822 20221025045053
20221023085822 20221028021608
