20221003150123 20221014190210
20221003150123 20221003150125
20221003150223 20221014190114
20221003150223 20221003150225
20221003150323 20221003151155
20221003150323 20221003150326
20221003150323 20221003150325
20221003150423 20221014190047
20221003150423 20221003150424
20221003150423 20221005200242
20221003150523 20221003150526
20221003150523 20221003150512
20221003150523 20221003150509
20221003150523 20221003150503
20221003150623 20221008212802
20221003150623 20221003151179
20221003150623 20221014185946
20221003150623 20221003150622
20221003150623 20221003150621
20221003150623 20221003150620
20221003150623 20221003150619
20221003150623 20221003150618
20221003150623 20221003150617
20221003150623 20221003150616
20221003150623 20221003150615
20221003150623 20221005200242
20221003150723 20221014185914
20221003150723 20221003150724
20221003150823 20221014185845
20221003150823 20221003150346
20221003150823 20221003150805
20221003150823 20221003151210
20221003150823 20221003151174
20221003150823 20221009005402
20221003150923 20221008213458
20221003150923 20221014185805
20221003150923 20221003150922
20221003151023 20221020203509
20221003151023 20221003151178
20221003151023 20221015004252
20221003151023 20221015004120
20221003151023 20221014185726
20221003151023 20221003150240
20221003151023 20221008210209
20221003151023 20221008081231
20221003151023 20221007194303
20221003151023 20221007043259
20221003151023 20221003151022
20221003151023 20221003151021
20221003151123 20221014185655
20221003151123 20221003151124
20221003151223 20221003151222
20221003151223 20221007220451
20221003151223 20221009005402
20221003151223 20221013222124
20221003151223 20221014185551
20221003151323 20221014190244
20221003151323 20221003151324
20221003151423 20221018133841
20221003151423 20221014185450
20221003151423 20221003151424
20221006215623 20221011092421
20221006215623 20221003150748
20221006215623 20221003150425
20221006215623 20221003151144
20221006215623 20221007043259
20221006215623 20221006213414
20221006215623 20221006214348
20221006215623 20221006213953
20221008050923 20221010180841
20221008050923 20221003151299
20221008050923 20221003151332
20221008050923 20221003151329
20221008050923 20221003151424
20221008050923 20221003150079
20221008050923 20221003150075
20221008050923 20221003151278
20221008050923 20221003150662
20221008050923 20221006013612
20221008050923 20221007182026
20221008050923 20221006032546
20221008050923 20221007043646
20221008054623 20221020052758
20221008054623 20221008061334
20221008054623 20221003151379
20221008054623 20221003151380
20221008054623 20221008054439
20221011134623 20221015010931
20221011134623 20221012145054
20221011134623 20221012093513
20221011134623 20221012083444
20221011134623 20221011181347
20221011134623 20221006020303
20221011134623 20221007043259
20221011134623 20221006213130
20221011134623 20221007220451
20221011134623 20221006213311
20221014070023 20221018201513
20221014070023 20221018155432
20221014070023 20221015020830
20221014070023 20221007043646
20221014070023 20221006032546
20221014070023 20221013021614
20221014185623 20221016233650
20221014185623 20221016233648
20221014185623 20221016233639
20221014185623 20221016233637
20221014185623 20221003151443
20221014185823 20221016233635
20221014185823 20221009014200
20221014185823 20221003150872
20221014185823 20221003150873
20221014185823 20221003151443
20221014185923 20221003150685
20221014185923 20221016233437
20221014185923 20221016233410
20221014185923 20221009014200
20221014185923 20221003151443
20221014190123 20221003150942
20221014190123 20221003150941
20221014190123 20221003150940
20221014190123 20221003150939
20221014190123 20221016233326
20221014190123 20221003151443
20221016233323 20221016233324
20221016233323 20221014185804
20221016233323 20221014190001
20221016233323 20221014185921
20221016233323 20221014185828
20221016233323 20221014185839
20221016233323 20221014185918
20221016233323 20221014185938
20221016233323 20221014185950
20221016233323 20221014185846
20221016233323 20221014185909
20221016233323 20221014190144
20221016233323 20221014185440
20221016233323 20221016233321
20221016233523 20221016233525
20221016233523 20221014185851
20221016233523 20221016233522
20221016233623 20221016233625
20221016233623 20221014185603
20221016233623 20221014185450
20221016233623 20221014190034
20221016233623 20221014185617
20221016233623 20221014190105
20221016233623 20221014190056
20221016233623 20221014190047
20221016233623 20221016233621
20221016233723 20221016233725
20221016233723 20221014190021
20221016233723 20221014185619
20221016233723 20221014190229
20221016233723 20221014190019
20221016233723 20221014190015
20221016233723 20221014190022
20221016233723 20221014190008
20221016233723 20221014190012
20221016233723 20221014190013
20221016233723 20221016233722
20221031092923 20221006213953
20221031092923 20221006214142
20221031092923 20221012171100
20221031092923 20221031192031
