20221003150124 20221014190210
20221003150124 20221003150125
20221003150224 20221014190114
20221003150224 20221003150225
20221003150324 20221003150326
20221003150424 20221019150132
20221003150424 20221014190047
20221003150424 20221003150425
20221003150424 20221003150423
20221003150424 20221003150422
20221003150424 20221005200242
20221003150524 20221014190010
20221003150524 20221003150525
20221003150624 20221014185944
20221003150624 20221003150625
20221003150724 20221022210052
20221003150724 20221003151213
20221003150724 20221009014200
20221003150724 20221003150791
20221003150724 20221013185120
20221003150724 20221014185914
20221003150724 20221003150723
20221003150724 20221003150722
20221003150724 20221003150721
20221003150724 20221003150281
20221003150824 20221014185843
20221003150824 20221003150825
20221003150924 20221014185804
20221003150924 20221003150926
20221003151024 20221014185724
20221003151024 20221013180230
20221003151024 20221003151025
20221003151124 20221003151207
20221003151124 20221013173355
20221003151124 20221014185655
20221003151124 20221003150568
20221003151124 20221003151102
20221003151124 20221003151123
20221003151124 20221003151122
20221003151124 20221003151121
20221003151124 20221003151120
20221003151124 20221003151119
20221003151124 20221003151118
20221003151124 20221003151117
20221003151124 20221003151115
20221003151124 20221003151111
20221003151124 20221003151110
20221003151124 20221003151108
20221003151124 20221005200242
20221003151224 20221013222124
20221003151224 20221014185550
20221003151224 20221003151226
20221003151324 20221003151323
20221003151324 20221014190244
20221003151324 20221012153512
20221003151424 20221020185927
20221003151424 20221014190232
20221003151424 20221014185450
20221003151424 20221014142356
20221003151424 20221013190051
20221003151424 20221012102630
20221003151424 20221012070318
20221003151424 20221011153230
20221003151424 20221003151332
20221003151424 20221003150067
20221003151424 20221008214631
20221003151424 20221003151329
20221003151424 20221003151299
20221003151424 20221003150073
20221003151424 20221010074318
20221003151424 20221009211130
20221003151424 20221009005402
20221003151424 20221008212000
20221003151424 20221008212519
20221003151424 20221008182309
20221003151424 20221008181005
20221003151424 20221008081231
20221003151424 20221008070202
20221003151424 20221008052510
20221003151424 20221008050923
20221003151424 20221008042814
20221003151424 20221008005525
20221003151424 20221007220451
20221003151424 20221007181438
20221003151424 20221007175034
20221003151424 20221007055535
20221003151424 20221007043646
20221003151424 20221007043259
20221003151424 20221006200018
20221003151424 20221006191703
20221003151424 20221003151423
20221003151424 20221003151422
20221003151424 20221003151421
20221003151424 20221003151420
20221003151424 20221003151419
20221003151424 20221003151418
20221003151424 20221003151417
20221003151424 20221003151416
20221003151424 20221003151415
20221003151424 20221003151414
20221003151424 20221003151413
20221003151424 20221003151412
20221003151424 20221003151411
20221003151424 20221003151410
20221003151424 20221003151409
20221003151424 20221003151408
20221003151424 20221003151407
20221003151424 20221003151406
20221003151424 20221003151405
20221003151424 20221003151404
20221003151424 20221003151403
20221003151424 20221003151402
20221003151424 20221003151401
20221003151424 20221003151400
20221003151424 20221003151399
20221003151424 20221003151398
20221003151424 20221003151397
20221003151424 20221003151396
20221003151424 20221003151395
20221003151424 20221003151394
20221003151424 20221003151393
20221003151424 20221003151392
20221003151424 20221003151391
20221003151424 20221003151390
20221003151424 20221003151389
20221003151424 20221003151388
20221003151424 20221003151387
20221003151424 20221003151386
20221003151424 20221003151385
20221003151424 20221003151384
20221003151424 20221003151383
20221003151424 20221003151382
20221003151424 20221003151381
20221003151424 20221003151380
20221003151424 20221003151379
20221003151424 20221003151378
20221003151424 20221003151377
20221003151424 20221003151376
20221003151424 20221003151375
20221003151424 20221003151374
20221003151424 20221003151373
20221003151424 20221003151372
20221003151424 20221003151371
20221003151424 20221003151370
20221003151424 20221003151369
20221003151424 20221003151368
20221003151424 20221003151367
20221003151424 20221003151366
20221003151424 20221003151365
20221003151424 20221003151364
20221003151424 20221003150082
20221003151424 20221003150083
20221003151424 20221003150084
20221003151424 20221003150085
20221003151424 20221003150086
20221003151424 20221003150087
20221003151424 20221003150088
20221003151424 20221003150089
20221003151424 20221003150090
20221003151424 20221003150091
20221003151424 20221003150092
20221003151424 20221003150093
20221003151424 20221003150094
20221003151424 20221003150095
20221003151424 20221004212452
20221003151424 20221003151350
20221007193324 20221014081712
20221007193324 20221014073148
20221007193324 20221007192111
20221007193324 20221012101349
20221007193324 20221006032546
20221007193324 20221011193153
20221007193324 20221010184202
20221007193324 20221010161950
20221007193324 20221009211130
20221007193324 20221008181005
20221007193324 20221008063052
20221007193324 20221008061334
20221007193324 20221007194303
20221007193324 20221007193634
20221007193324 20221003150798
20221007193324 20221007055535
20221007193324 20221003150444
20221007193324 20221003150443
20221007193324 20221006153641
20221009023024 20221009192000
20221009023024 20221008042814
20221009023024 20221006032546
20221009023024 20221010184202
20221009023024 20221008214406
20221009023024 20221006035818
20221009023024 20221006213953
20221009023024 20221006013313
20221009023024 20221006013612
20221012154324 20221003150331
20221012154324 20221003150293
20221012154324 20221003150335
20221012154324 20221012154059
20221012154324 20221003150978
20221012154324 20221008212802
20221012154324 20221008212000
20221012154324 20221008212519
20221012154324 20221003150131
20221013035124 20221020160107
20221013035124 20221003150483
20221013035124 20221018161819
20221013035124 20221003150694
20221013035124 20221017173622
20221013035124 20221014185643
20221013035124 20221003151274
20221013035124 20221008042814
20221013035124 20221007043259
20221013035124 20221012212839
20221013035124 20221003150422
20221013035124 20221003151016
20221013035124 20221014024704
20221013035124 20221003150456
20221013035124 20221003151160
20221013035124 20221003151158
20221013035124 20221003150193
20221013035124 20221009172351
20221013035124 20221005200242
20221013035124 20221012221003
20221013035124 20221006013612
20221013035124 20221028033132
20221013035124 20221003150551
20221013035124 20221003150098
20221013222124 20221003151238
20221013222124 20221003150187
20221013222124 20221003150126
20221013222124 20221003150080
20221013222124 20221003150118
20221013222124 20221003150685
20221013222124 20221003150168
20221013222124 20221003150862
20221013222124 20221018042949
20221013222124 20221003151271
20221013222124 20221003150161
20221013222124 20221003150160
20221013222124 20221003150200
20221013222124 20221015050620
20221013222124 20221014213559
20221013222124 20221008024933
20221013222124 20221014185751
20221013222124 20221007062330
20221013222124 20221003150949
20221013222124 20221003150841
20221013222124 20221003150350
20221013222124 20221003150299
20221013222124 20221003150297
20221013222124 20221003150202
20221013222124 20221003150181
20221013222124 20221014190259
20221013222124 20221014190158
20221013222124 20221014190050
20221013222124 20221014190039
20221013222124 20221014190021
20221013222124 20221014190019
20221013222124 20221014185949
20221013222124 20221014185901
20221013222124 20221014185825
20221013222124 20221014185652
20221013222124 20221014185619
20221013222124 20221014185557
20221013222124 20221014185556
20221013222124 20221014185554
20221013222124 20221014185553
20221013222124 20221014185551
20221013222124 20221014185550
20221013222124 20221014185548
20221013222124 20221014185547
20221013222124 20221014185545
20221013222124 20221014185544
20221013222124 20221014185542
20221013222124 20221014185540
20221013222124 20221014185539
20221013222124 20221014185537
20221013222124 20221014185536
20221013222124 20221014185534
20221013222124 20221014185533
20221013222124 20221014185531
20221013222124 20221014185530
20221013222124 20221014185528
20221013222124 20221014185527
20221013222124 20221014185525
20221013222124 20221003151443
20221013222124 20221003151299
20221013222124 20221003151298
20221013222124 20221003151297
20221013222124 20221003151296
20221013222124 20221003151263
20221013222124 20221003151262
20221013222124 20221003151257
20221013222124 20221003151256
20221013222124 20221003151255
20221013222124 20221003151254
20221013222124 20221003151253
20221013222124 20221003151252
20221013222124 20221003151251
20221013222124 20221003151250
20221013222124 20221003151249
20221013222124 20221003151248
20221013222124 20221003151247
20221013222124 20221003151246
20221013222124 20221003151245
20221013222124 20221003151244
20221013222124 20221003151243
20221013222124 20221003151242
20221013222124 20221003151236
20221013222124 20221003151235
20221013222124 20221003151233
20221013222124 20221003151232
20221013222124 20221003151231
20221013222124 20221003151230
20221013222124 20221003151229
20221013222124 20221003151228
20221013222124 20221003151226
20221013222124 20221003151225
20221013222124 20221003151224
20221013222124 20221003151223
20221013222124 20221003151222
20221013222124 20221003151220
20221013222124 20221003151219
20221013222124 20221003151217
20221013222124 20221003151216
20221013222124 20221003151215
20221013222124 20221003151180
20221013222124 20221003151146
20221013222124 20221003151145
20221013222124 20221003150871
20221013222124 20221003150870
20221013222124 20221003150869
20221013222124 20221003150868
20221013222124 20221003150867
20221013222124 20221003150757
20221013222124 20221003150756
20221013222124 20221003150604
20221013222124 20221003150603
20221013222124 20221003150602
20221013222124 20221003150512
20221013222124 20221003150511
20221013222124 20221003150510
20221013222124 20221003150509
20221013222124 20221003150508
20221013222124 20221003150507
20221013222124 20221003150506
20221013222124 20221003150505
20221013222124 20221003150504
20221013222124 20221003150476
20221013222124 20221003150475
20221013222124 20221003150474
20221013222124 20221003150473
20221013222124 20221003150472
20221013222124 20221003150471
20221013222124 20221003150470
20221013222124 20221003150469
20221013222124 20221003150468
20221013222124 20221003150467
20221013222124 20221003150466
20221013222124 20221003150345
20221013222124 20221003150147
20221013222124 20221003150146
20221013222124 20221014142356
20221013222124 20221013222336
20221013222124 20221003150194
20221013222124 20221009013945
20221013222124 20221011075934
20221013222124 20221009162948
20221013222124 20221008214631
20221013222124 20221006025356
20221013222124 20221008214827
20221013222124 20221008061334
20221013222124 20221013185251
20221013222124 20221024070910
20221014185524 20221016233254
20221014185524 20221016233427
20221014185524 20221003150204
20221014185524 20221003150203
20221014185524 20221003150206
20221014185524 20221003150205
20221014185524 20221003150207
20221014185524 20221003151443
20221014185724 20221016233507
20221014185724 20221003151024
20221014185724 20221003151025
20221014185724 20221003151443
20221014185924 20221016233644
20221014185924 20221009014200
20221014185924 20221003150683
20221014185924 20221003150682
20221014185924 20221003151443
20221014190024 20221016233507
20221014190024 20221003150500
20221014190024 20221003150499
20221014190024 20221003151443
20221014190224 20221016233514
20221014190224 20221003151282
20221014190224 20221003151283
20221014190224 20221003151284
20221014190224 20221003151443
20221016233324 20221016233326
20221016233324 20221014185941
20221016233324 20221014190144
20221016233324 20221014185446
20221016233324 20221016233323
20221016233424 20221016233425
20221016233424 20221014185504
20221016233424 20221014185914
20221016233424 20221016233422
20221019143424 20221019143615
20221019143424 20221012153019
20221019143424 20221003151193
20221019143424 20221003150971
20221019143424 20221003151289
20221019143924 20221009095853
20221019143924 20221014185905
20221030041924 20221017091309
20221030041924 20221006032546
20221030041924 20221021081636
20221030041924 20221014025416
20221030041924 20221012171100
20221030041924 20221030050459
20221030041924 20221014215609
