20221003150125 20221003150124
20221003150125 20221003150123
20221003150125 20221014190210
20221003150125 20221003150126
20221003150225 20221003150224
20221003150225 20221003150223
20221003150225 20221017172946
20221003150225 20221014190114
20221003150325 20221003150323
20221003150325 20221012152319
20221003150325 20221003150326
20221003150425 20221019150132
20221003150425 20221003150747
20221003150425 20221014190047
20221003150425 20221006215623
20221003150425 20221003151172
20221003150425 20221003150750
20221003150425 20221003150748
20221003150425 20221003150746
20221003150425 20221003150424
20221003150425 20221003150422
20221003150425 20221003150384
20221003150425 20221009005402
20221003150425 20221003150421
20221003150525 20221014190010
20221003150525 20221003150524
20221003150525 20221005200242
20221003150625 20221014185944
20221003150625 20221003150630
20221003150625 20221003150624
20221003150625 20221005200242
20221003150725 20221007220451
20221003150825 20221014185843
20221003150825 20221003150830
20221003150825 20221003150824
20221003150925 20221014185804
20221003150925 20221003150926
20221003151025 20221003151024
20221003151025 20221003151192
20221003151025 20221003151186
20221003151025 20221003151184
20221003151025 20221014185724
20221003151025 20221013180230
20221003151125 20221014185654
20221003151125 20221007220451
20221003151125 20221003151127
20221003151225 20221003150582
20221003151225 20221003151187
20221003151225 20221003151226
20221003151225 20221009005402
20221003151225 20221013222124
20221003151225 20221014185550
20221003151325 20221014190242
20221003151325 20221008215400
20221003151325 20221009014200
20221003151325 20221008221548
20221003151325 20221003151299
20221003151325 20221012070836
20221003151325 20221009005402
20221003151425 20221014185509
20221003151425 20221009005402
20221003151425 20221003151441
20221008005525 20221003151210
20221008005525 20221003151209
20221008005525 20221003151295
20221008005525 20221003151299
20221008005525 20221003151332
20221008005525 20221003151329
20221008005525 20221003151424
20221008005525 20221003151143
20221008213825 20221003151182
20221008213825 20221003151188
20221008213825 20221003151184
20221008213825 20221010182721
20221008213825 20221009005402
20221008213825 20221008221548
20221008213825 20221003151237
20221008213825 20221003150242
20221008213825 20221003150343
20221008213825 20221003150694
20221008213825 20221006213953
20221008213825 20221007220451
20221008215325 20221018160416
20221008215325 20221017182053
20221008215325 20221003150464
20221008215325 20221003150463
20221008215325 20221015022512
20221008215325 20221014181941
20221008215325 20221013185456
20221008215325 20221003150353
20221008215325 20221003150577
20221008215325 20221008215530
20221008215325 20221003150870
20221008215325 20221003150279
20221008215325 20221003150433
20221008215325 20221003151156
20221008215325 20221003151157
20221008215325 20221003150972
20221008215325 20221003151167
20221008215325 20221008215139
20221008215325 20221003150246
20221008215325 20221003150247
20221013180125 20221003150252
20221013180125 20221013180230
20221013180125 20221008215530
20221013180125 20221008215655
20221013180125 20221013175957
20221013180125 20221008221548
20221013180125 20221008221822
20221014185525 20221016233601
20221014185525 20221013222124
20221014185525 20221003151263
20221014185525 20221003151262
20221014185525 20221003151443
20221014185625 20221003151176
20221014185625 20221016233451
20221014185625 20221016233512
20221014185625 20221003151443
20221014185825 20221016233343
20221014185825 20221016233434
20221014185825 20221009014200
20221014185825 20221013222124
20221014185825 20221003150868
20221014185825 20221003150867
20221014185825 20221003150869
20221014185825 20221003150870
20221014185825 20221003150871
20221014185825 20221003151443
20221014190025 20221020000157
20221014190025 20221016233446
20221014190025 20221003151443
20221014190125 20221016233729
20221014190125 20221003151336
20221014190125 20221003151338
20221014190125 20221003151337
20221014190125 20221003151443
20221015011525 20221015014643
20221015011525 20221015012530
20221015011525 20221015004120
20221015011525 20221007220451
20221015011525 20221006213311
20221015011525 20221006213414
20221015011525 20221015004252
20221016233425 20221016233427
20221016233425 20221014185808
20221016233425 20221016233424
20221016233525 20221016233527
20221016233525 20221014190105
20221016233525 20221014185938
20221016233525 20221014185833
20221016233525 20221014185750
20221016233525 20221014190206
20221016233525 20221014185602
20221016233525 20221014185629
20221016233525 20221014190047
20221016233525 20221014185449
20221016233525 20221016233523
20221016233625 20221016233627
20221016233625 20221014185600
20221016233625 20221014185550
20221016233625 20221014185619
20221016233625 20221014185935
20221016233625 20221014185834
20221016233625 20221016233623
20221016233725 20221016233727
20221016233725 20221014190155
20221016233725 20221014185603
20221016233725 20221014185929
20221016233725 20221016233723
20221026080325 20221013021614
20221026080325 20221006032546
20221026080325 20221009095853
20221026080325 20221012171100
