20221003150126 20221003150125
20221003150126 20221003150122
20221003150126 20221003150120
20221003150126 20221013222124
20221003150126 20221006025356
20221003150126 20221003150117
20221003150126 20221014190210
20221003150126 20221003150119
20221003150226 20221014190112
20221003150226 20221003150227
20221003150326 20221006214729
20221003150326 20221003150323
20221003150326 20221003150325
20221003150326 20221007220451
20221003150326 20221025221321
20221003150326 20221003150324
20221003150326 20221025221046
20221003150426 20221022210052
20221003150426 20221003151210
20221003150426 20221003151209
20221003150426 20221003151207
20221003150426 20221003151200
20221003150426 20221003151189
20221003150426 20221003150718
20221003150426 20221011183500
20221003150526 20221003150527
20221003150526 20221015014643
20221003150526 20221003151175
20221003150526 20221003150523
20221003150526 20221003150518
20221003150526 20221007220451
20221003150526 20221007044552
20221003150526 20221006215135
20221003150626 20221014185944
20221003150626 20221003150627
20221003150726 20221009014200
20221003150726 20221003151299
20221003150726 20221003150801
20221003150726 20221003150791
20221003150826 20221014185843
20221003150826 20221003151204
20221003150826 20221012153512
20221003150826 20221003150830
20221003150926 20221014185804
20221003150926 20221013185406
20221003150926 20221003150276
20221003150926 20221009005402
20221003150926 20221003150925
20221003150926 20221003150924
20221003151026 20221014185722
20221003151026 20221003151172
20221003151026 20221013185837
20221003151026 20221009005402
20221003151026 20221007220451
20221003151126 20221014185654
20221003151126 20221007220451
20221003151126 20221003151127
20221003151126 20221005200242
20221003151226 20221003151225
20221003151226 20221003151192
20221003151226 20221013222124
20221003151226 20221014185550
20221003151226 20221003150559
20221003151226 20221009005402
20221003151226 20221003151224
20221003151326 20221014190241
20221003151326 20221006191703
20221003151326 20221003151328
20221003151426 20221014185509
20221003151426 20221003151441
20221006145626 20221010074318
20221006145626 20221007205652
20221006145626 20221006013612
20221006145626 20221006054727
20221006145626 20221006020303
20221006145626 20221006033248
20221007182026 20221014150222
20221007182026 20221009192000
20221007182026 20221009171616
20221007182026 20221008050923
20221007182026 20221006054727
20221007182026 20221006051705
20221007182026 20221006153641
20221007182026 20221006013612
20221007182026 20221010183037
20221008183326 20221014072547
20221008183326 20221013180437
20221008183326 20221011193153
20221008183326 20221007043646
20221008183326 20221006013313
20221008183326 20221006213953
20221008183326 20221012095659
20221008183326 20221012090938
20221008183326 20221012083444
20221008183326 20221012065200
20221008183326 20221009192000
20221014074726 20221009192000
20221014074726 20221008212519
20221014074726 20221003151338
20221014074726 20221003151299
20221014074726 20221003150946
20221014074726 20221014071406
20221014074726 20221014074852
20221014074726 20221006033248
20221014074726 20221006025356
20221014074726 20221014074318
20221014185626 20221003151175
20221014185626 20221016233458
20221014185626 20221016233457
20221014185626 20221016233453
20221014185626 20221016233451
20221014185626 20221003151443
20221014185726 20221016233507
20221014185726 20221003151023
20221014185726 20221003151021
20221014185726 20221003151022
20221014185726 20221003151443
20221014185826 20221016233540
20221014185826 20221009014200
20221014185826 20221003150864
20221014185826 20221003150865
20221014185826 20221003150866
20221014185826 20221003151443
20221014185926 20221016233507
20221014185926 20221016233439
20221014185926 20221009014200
20221014185926 20221003150679
20221014185926 20221003150680
20221014185926 20221003150681
20221014185926 20221003150678
20221014185926 20221003151443
20221014190126 20221016233646
20221014190126 20221003151443
20221014190226 20221016233611
20221014190226 20221003151281
20221014190226 20221003151280
20221014190226 20221003151279
20221014190226 20221003151443
20221016233326 20221016233328
20221016233326 20221014190123
20221016233326 20221016233324
20221025184026 20221003150104
20221025184026 20221003150103
20221025184026 20221003150102
20221025184026 20221003150101
20221025184026 20221012171100
