20221003150127 20221014190209
20221003150127 20221003150129
20221003150227 20221014190112
20221003150227 20221007043259
20221003150227 20221003150226
20221003150327 20221009005402
20221003150427 20221014190047
20221003150427 20221003150433
20221003150527 20221014190007
20221003150527 20221003150526
20221003150527 20221003150509
20221003150527 20221003150775
20221003150527 20221003150774
20221003150527 20221003150777
20221003150627 20221014185944
20221003150627 20221003150629
20221003150627 20221003150626
20221003150727 20221014185912
20221003150727 20221003151210
20221003150727 20221003150862
20221003150727 20221007220451
20221003150727 20221003151299
20221003150827 20221014185843
20221003150827 20221003150829
20221003150927 20221014185802
20221003150927 20221003150929
20221003151027 20221014185721
20221003151027 20221003151028
20221003151127 20221014185654
20221003151127 20221007220451
20221003151127 20221003151144
20221003151127 20221003151126
20221003151127 20221003151125
20221003151227 20221014185548
20221003151227 20221003151299
20221003151227 20221013175128
20221003151227 20221003151153
20221003151227 20221003150684
20221003151227 20221009005402
20221003151327 20221014190241
20221003151327 20221006191703
20221003151327 20221003151328
20221003151427 20221014185509
20221003151427 20221003151441
20221006012927 20221007175034
20221006012927 20221006013612
20221006054727 20221017030519
20221006054727 20221016233254
20221006054727 20221009095853
20221006054727 20221017030222
20221006054727 20221014183030
20221006054727 20221016202237
20221006054727 20221012144502
20221006054727 20221008182309
20221006054727 20221003150798
20221006054727 20221006084204
20221006054727 20221010183037
20221006054727 20221010152742
20221006054727 20221003151371
20221006054727 20221007182026
20221006054727 20221007043259
20221006054727 20221006013612
20221006054727 20221006142610
20221006054727 20221009022138
20221006054727 20221006145626
20221008213627 20221009171616
20221008213627 20221009102918
20221008213627 20221007044552
20221008213627 20221008042814
20221008213627 20221008213357
20221008213627 20221008213122
20221008214827 20221015050620
20221008214827 20221015005557
20221008214827 20221014154934
20221008214827 20221010222312
20221008214827 20221014213559
20221008214827 20221014142356
20221008214827 20221013222124
20221008214827 20221003150132
20221008214827 20221013171453
20221008214827 20221012070836
20221008214827 20221009162948
20221008214827 20221009021452
20221008214827 20221009015743
20221008214827 20221009015032
20221008214827 20221009014200
20221008214827 20221009013945
20221008214827 20221009012547
20221008214827 20221009005402
20221008214827 20221008214631
20221008214827 20221008212802
20221008214827 20221008061845
20221008214827 20221003150067
20221008214827 20221008061334
20221010182027 20221010184202
20221010182027 20221007192111
20221010182027 20221006153641
20221010182027 20221009012547
20221010182027 20221007194303
20221010182027 20221010175613
20221012061227 20221013185251
20221012061227 20221009012547
20221012061227 20221009165318
20221012061227 20221011155715
20221012061227 20221006032546
20221012061227 20221006213953
20221012061227 20221003150067
20221012061227 20221008214631
20221012153227 20221003150372
20221012153227 20221008221548
20221012153227 20221003151243
20221012153227 20221003150295
20221012153227 20221008212802
20221012153227 20221008212000
20221012153227 20221012153019
20221014185527 20221003151260
20221014185527 20221003151261
20221014185527 20221016233507
20221014185527 20221013222124
20221014185527 20221003151443
20221014185727 20221003151020
20221014185727 20221016233507
20221014185727 20221003151443
20221014185927 20221016233554
20221014185927 20221016233648
20221014185927 20221016233444
20221014185927 20221016233431
20221014185927 20221009014200
20221014185927 20221003150675
20221014185927 20221003150677
20221014185927 20221003150676
20221014185927 20221003150674
20221014185927 20221003151443
20221014190027 20221020000157
20221014190027 20221016233446
20221014190027 20221003151443
20221014190227 20221016233514
20221014190227 20221009014200
20221014190227 20221003151276
20221014190227 20221003151277
20221014190227 20221003151278
20221014190227 20221003151443
20221015011227 20221007043259
20221015011227 20221003150098
20221015011227 20221015010931
20221016233427 20221016233429
20221016233427 20221014185502
20221016233427 20221014190215
20221016233427 20221014190213
20221016233427 20221014185458
20221016233427 20221014185459
20221016233427 20221014190134
20221016233427 20221014185519
20221016233427 20221014185524
20221016233427 20221014185522
20221016233427 20221014185518
20221016233427 20221014185516
20221016233427 20221014190018
20221016233427 20221014185644
20221016233427 20221014190001
20221016233427 20221014185901
20221016233427 20221014185909
20221016233427 20221014190236
20221016233427 20221014185447
20221016233427 20221014185441
20221016233427 20221014185444
20221016233427 20221014190239
20221016233427 20221014190242
20221016233427 20221014190254
20221016233427 20221016233425
20221016233527 20221016233529
20221016233527 20221014190206
20221016233527 20221014185631
20221016233527 20221014185938
20221016233527 20221014185617
20221016233527 20221014185619
20221016233527 20221016233525
20221016233627 20221016233628
20221016233627 20221014190047
20221016233627 20221014185620
20221016233627 20221016233625
20221016233727 20221016233729
20221016233727 20221014190248
20221016233727 20221014185450
20221016233727 20221014190105
20221016233727 20221014190229
20221016233727 20221014185509
20221016233727 20221016233725
20221017154727 20221003150201
20221017154727 20221014160551
20221017154727 20221003150200
20221020185927 20221003151424
20221020185927 20221003151441
20221020185927 20221003151363
20221020185927 20221003151329
20221020185927 20221006013612
20221020185927 20221020160107
20221020185927 20221014190229
20221020185927 20221014185509
20221020185927 20221014185450
20221020185927 20221014183030
20221020185927 20221008042814
20221020185927 20221003150090
