20221003150228 20221014190111
20221003150228 20221003150229
20221003150328 20221008212519
20221003150328 20221003151292
20221003150328 20221008212000
20221003150328 20221006025356
20221003150328 20221003151153
20221003150328 20221003151104
20221003150428 20221014190047
20221003150428 20221003150431
20221003150528 20221014190005
20221003150528 20221008081231
20221003150528 20221003150529
20221003150628 20221014185944
20221003150628 20221007220451
20221003150628 20221003150488
20221003150628 20221003151172
20221003150628 20221003151203
20221003150628 20221003151016
20221003150628 20221003151015
20221003150628 20221013173355
20221003150628 20221003150629
20221003150728 20221018133841
20221003150728 20221014185911
20221003150728 20221003150684
20221003150728 20221009005402
20221003150728 20221003150730
20221003150828 20221014185843
20221003150828 20221003150829
20221003150928 20221014185802
20221003150928 20221003150929
20221003151028 20221014185721
20221003151028 20221003151027
20221003151028 20221005200242
20221003151128 20221014185654
20221003151128 20221007220451
20221003151128 20221003151129
20221003151228 20221013222124
20221003151228 20221014185547
20221003151228 20221003151230
20221003151328 20221003151327
20221003151328 20221003151326
20221003151328 20221006191703
20221003151328 20221003151278
20221003151328 20221014190241
20221003151328 20221003151329
20221003151428 20221014185509
20221003151428 20221003151441
20221013175128 20221003151261
20221013175128 20221003151260
20221013175128 20221003151216
20221013175128 20221003151227
20221013175128 20221003150192
20221013175128 20221003150777
20221013175128 20221014074852
20221013175128 20221003150293
20221013175128 20221003150331
20221013175128 20221013175957
20221013175128 20221003150335
20221013175128 20221003151209
20221013175128 20221003150929
20221013175128 20221003150548
20221013175128 20221003150446
20221013175128 20221003151244
20221014185528 20221003151259
20221014185528 20221016233507
20221014185528 20221013222124
20221014185528 20221003151443
20221014185628 20221016233451
20221014185628 20221016233558
20221014185628 20221016233637
20221014185628 20221003151174
20221014185628 20221003151173
20221014185628 20221003151443
20221014185828 20221003150863
20221014185828 20221016233323
20221014185828 20221016233633
20221014185828 20221009014200
20221014185828 20221003151443
20221014190028 20221020000157
20221014190028 20221016233339
20221014190028 20221003151443
20221014190128 20221016233316
20221014190128 20221003150200
20221014190128 20221003150201
20221014190128 20221003151443
20221016233328 20221016233329
20221016233328 20221014185801
20221016233328 20221016233326
20221016233628 20221016233630
20221016233628 20221014190056
20221016233628 20221014190207
20221016233628 20221016233627
20221018145628 20221006013612
20221018145628 20221009014200
20221018145628 20221017173622
20221018145628 20221009095853
20221018174628 20221003150136
20221018174628 20221018125400
20221018174628 20221003150140
20221018174628 20221009014200
20221018174628 20221008215400
20221018174628 20221008213254
20221018174628 20221008212802
20221018174628 20221006025356
20221018193528 20221003151209
20221018193528 20221003151299
20221018193528 20221013185251
20221018193528 20221003151329
