20221003150129 20221014190209
20221003150129 20221003150127
20221003150129 20221009014200
20221003150129 20221025045945
20221003150229 20221018152638
20221003150229 20221014190111
20221003150229 20221003150231
20221003150229 20221003150228
20221003150329 20221006213130
20221003150429 20221014190047
20221003150429 20221005200242
20221003150529 20221014190005
20221003150529 20221008081231
20221003150529 20221003150528
20221003150529 20221005200242
20221003150629 20221014185944
20221003150629 20221013173355
20221003150629 20221003150630
20221003150629 20221003150628
20221003150629 20221003150627
20221003150629 20221005200242
20221003150729 20221014185911
20221003150729 20221009005402
20221003150729 20221003150730
20221003150829 20221014185843
20221003150829 20221013173355
20221003150829 20221003151204
20221003150829 20221012153512
20221003150829 20221009005402
20221003150829 20221003150830
20221003150829 20221003150828
20221003150829 20221003150827
20221003150829 20221005200242
20221003150929 20221021183918
20221003150929 20221003150928
20221003150929 20221003150927
20221003150929 20221014185802
20221003150929 20221013175128
20221003151029 20221013190422
20221003151029 20221003151153
20221003151029 20221011183500
20221003151129 20221014185654
20221003151129 20221003150550
20221003151129 20221003150973
20221003151129 20221003151195
20221003151129 20221009005402
20221003151129 20221007220451
20221003151129 20221006214729
20221003151129 20221003151144
20221003151129 20221003151128
20221003151229 20221013222124
20221003151229 20221014185547
20221003151229 20221003151230
20221003151329 20221020185927
20221003151329 20221019141821
20221003151329 20221014190232
20221003151329 20221003150191
20221003151329 20221019002732
20221003151329 20221018190312
20221003151329 20221018193528
20221003151329 20221018183943
20221003151329 20221018182017
20221003151329 20221003151321
20221003151329 20221003151300
20221003151329 20221003150792
20221003151329 20221014213559
20221003151329 20221014190241
20221003151329 20221003151335
20221003151329 20221014142356
20221003151329 20221013190051
20221003151329 20221003151302
20221003151329 20221012102630
20221003151329 20221003150067
20221003151329 20221008214631
20221003151329 20221003151332
20221003151329 20221003151424
20221003151329 20221003151299
20221003151329 20221003150073
20221003151329 20221009005402
20221003151329 20221008212519
20221003151329 20221008212000
20221003151329 20221008182309
20221003151329 20221008081231
20221003151329 20221008050923
20221003151329 20221008005525
20221003151329 20221007220451
20221003151329 20221007043259
20221003151329 20221006191703
20221003151329 20221003151328
20221003151329 20221004212452
20221003151329 20221003151350
20221003151429 20221014185509
20221003151429 20221003151441
20221006214729 20221016233500
20221006214729 20221003150676
20221006214729 20221016233406
20221006214729 20221016233404
20221006214729 20221017033638
20221006214729 20221014155450
20221006214729 20221003150254
20221006214729 20221013185120
20221006214729 20221003150317
20221006214729 20221003150255
20221006214729 20221009005402
20221006214729 20221009001740
20221006214729 20221003151101
20221006214729 20221003150476
20221006214729 20221003150730
20221006214729 20221006213953
20221006214729 20221003150067
20221006214729 20221006213649
20221006214729 20221006213821
20221006214729 20221006213311
20221006214729 20221003151172
20221006214729 20221003151129
20221006214729 20221003151144
20221006214729 20221003150488
20221006214729 20221006214142
20221006214729 20221003150326
20221006214729 20221025221046
20221008212929 20221003150352
20221008212929 20221011153230
20221008212929 20221011075934
20221008212929 20221008212802
20221008212929 20221003151273
20221014185629 20221016233655
20221014185629 20221016233648
20221014185629 20221016233646
20221014185629 20221016233457
20221014185629 20221016233451
20221014185629 20221016233700
20221014185629 20221016233525
20221014185629 20221016233651
20221014185629 20221016233650
20221014185629 20221016233637
20221014185629 20221016233618
20221014185629 20221016233615
20221014185629 20221016233603
20221014185629 20221003151170
20221014185629 20221003151172
20221014185629 20221003151171
20221014185629 20221003151443
20221014185729 20221016233632
20221014185729 20221003151019
20221014185729 20221003151018
20221014185729 20221003151443
20221014185829 20221016233637
20221014185829 20221016233449
20221014185829 20221016233552
20221014185829 20221009014200
20221014185829 20221003150859
20221014185829 20221003150856
20221014185829 20221003150862
20221014185829 20221003150857
20221014185829 20221003150858
20221014185829 20221003150860
20221014185829 20221003150861
20221014185829 20221003151443
20221014185929 20221016233439
20221014185929 20221016233434
20221014185929 20221016233431
20221014185929 20221016233429
20221014185929 20221016233725
20221014185929 20221003150671
20221014185929 20221003150668
20221014185929 20221003150670
20221014185929 20221003150673
20221014185929 20221003150669
20221014185929 20221003150672
20221014185929 20221003150667
20221014185929 20221003151443
20221014190129 20221003150199
20221014190129 20221016233432
20221014190129 20221003151443
20221014190229 20221020185927
20221014190229 20221016233451
20221014190229 20221016233516
20221014190229 20221016233639
20221014190229 20221016233727
20221014190229 20221016233723
20221014190229 20221016233720
20221014190229 20221014213559
20221014190229 20221003151352
20221014190229 20221003151360
20221014190229 20221003151363
20221014190229 20221003151355
20221014190229 20221003151361
20221014190229 20221003151357
20221014190229 20221003151354
20221014190229 20221003151356
20221014190229 20221003151359
20221014190229 20221003151362
20221014190229 20221003151353
20221014190229 20221003151351
20221014190229 20221003151358
20221014190229 20221003151443
20221016233329 20221016233331
20221016233329 20221014190245
20221016233329 20221016233328
20221016233429 20221016233431
20221016233429 20221014185947
20221016233429 20221014185950
20221016233429 20221014185929
20221016233429 20221014185459
20221016233429 20221016233427
20221016233529 20221016233530
20221016233529 20221014185619
20221016233529 20221014190056
20221016233529 20221014185947
20221016233529 20221016233527
20221016233729 20221016233730
20221016233729 20221014190125
20221016233729 20221016233727
20221020053629 20221006084204
20221020053629 20221007043259
20221020053629 20221017091309
20221020154329 20221003150116
20221020154329 20221003150115
20221020154329 20221003150114
20221020154329 20221003150604
20221020154329 20221003150107
20221020154329 20221003150106
20221020154329 20221003150601
