20221003150130 20221014190207
20221003150130 20221003150131
20221003150230 20221014190111
20221003150230 20221003150231
20221003150330 20221003150801
20221003150330 20221003150662
20221003150330 20221003150517
20221003150330 20221003150459
20221003150330 20221003151212
20221003150330 20221003150800
20221003150430 20221014190047
20221003150430 20221003150431
20221003150430 20221003150429
20221003150430 20221003150428
20221003150530 20221014190004
20221003150530 20221003150532
20221003150630 20221014185944
20221003150630 20221003150358
20221003150630 20221013173355
20221003150630 20221003150629
20221003150630 20221003150625
20221003150630 20221005200242
20221003150730 20221003150488
20221003150730 20221003150487
20221003150730 20221003150486
20221003150730 20221003150482
20221003150730 20221003150476
20221003150730 20221003150464
20221003150730 20221003150463
20221003150730 20221014185911
20221003150730 20221009005402
20221003150730 20221006214729
20221003150730 20221003150729
20221003150730 20221003150728
20221003150730 20221005200242
20221003150830 20221014185843
20221003150830 20221013173355
20221003150830 20221012153512
20221003150830 20221009005402
20221003150830 20221007220451
20221003150830 20221003150829
20221003150830 20221003150826
20221003150830 20221003150825
20221003150930 20221014185801
20221003150930 20221003150933
20221003151030 20221003151206
20221003151030 20221003151205
20221003151030 20221003151172
20221003151030 20221013190422
20221003151030 20221011183500
20221003151030 20221003151197
20221003151030 20221003151153
20221003151130 20221014185654
20221003151130 20221009005402
20221003151130 20221007220451
20221003151130 20221003151144
20221003151230 20221003151229
20221003151230 20221003151228
20221003151230 20221013222124
20221003151230 20221014185547
20221003151330 20221003151331
20221003151330 20221003151299
20221003151330 20221014190239
20221003151330 20221010164408
20221003151330 20221006191703
20221003151430 20221014185509
20221003151430 20221003151441
20221006025730 20221003150199
20221006025730 20221003150140
20221006025730 20221018125400
20221006025730 20221003150157
20221006025730 20221013171453
20221006025730 20221010064819
20221006025730 20221008195148
20221006025730 20221009005402
20221006025730 20221003150137
20221006072230 20221003151281
20221006213130 20221003151250
20221006213130 20221018125400
20221006213130 20221015010931
20221006213130 20221014181941
20221006213130 20221013190051
20221006213130 20221003151238
20221006213130 20221013035616
20221006213130 20221012145054
20221006213130 20221011134623
20221006213130 20221007220451
20221006213130 20221003150288
20221006213130 20221003150289
20221006213130 20221008221548
20221006213130 20221003151153
20221006213130 20221003151058
20221006213130 20221009032056
20221006213130 20221009005402
20221006213130 20221006220044
20221006213130 20221006213821
20221006213130 20221006213649
20221006213130 20221006213311
20221006213130 20221003150329
20221006213130 20221003150441
20221006213130 20221003151143
20221006213130 20221006025356
20221006213130 20221003150444
20221007062330 20221003150483
20221007062330 20221016161034
20221007062330 20221015172248
20221007062330 20221003150348
20221007062330 20221013222124
20221007062330 20221003150202
20221007062330 20221009005402
20221007062330 20221008190117
20221007062330 20221008061334
20221007062330 20221003150098
20221007062330 20221008042334
20221007062330 20221003150948
20221007062330 20221003150949
20221007062330 20221003151032
20221007062330 20221003150181
20221007062330 20221003150841
20221007062330 20221003150350
20221007062330 20221005200242
20221007062330 20221007051119
20221008215530 20221019150908
20221008215530 20221018160416
20221008215530 20221017182053
20221008215530 20221013185406
20221008215530 20221013180125
20221008215530 20221013180230
20221008215530 20221003150577
20221008215530 20221003150834
20221008215530 20221008215655
20221008215530 20221003150487
20221008215530 20221003151144
20221008215530 20221003150488
20221008215530 20221006025356
20221008215530 20221003151153
20221008215530 20221003150753
20221008215530 20221003150673
20221008215530 20221008215325
20221009211130 20221020193850
20221009211130 20221020051510
20221009211130 20221008214406
20221009211130 20221007043259
20221009211130 20221006020303
20221009211130 20221006153641
20221009211130 20221006032546
20221009211130 20221003151338
20221009211130 20221003151424
20221009211130 20221003150798
20221009211130 20221007193324
20221009211130 20221006013313
20221010153630 20221020183231
20221010153630 20221006032546
20221010153630 20221003151267
20221010153630 20221006025356
20221010153630 20221003150098
20221011153230 20221021081636
20221011153230 20221014213613
20221011153230 20221011153359
20221011153230 20221008063052
20221011153230 20221007051119
20221011153230 20221008212929
20221011153230 20221003151424
20221011153230 20221003151338
20221011153230 20221007200304
20221011153230 20221006140520
20221011153230 20221006032546
20221011153230 20221028032005
20221012102630 20221008182309
20221012102630 20221003150798
20221012102630 20221003151299
20221012102630 20221003151329
20221012102630 20221003151424
20221012102630 20221003151441
20221012102630 20221006153641
20221012102630 20221009183745
20221012102630 20221003150098
20221012102630 20221006032546
20221013180230 20221014222109
20221013180230 20221014081712
20221013180230 20221003150252
20221013180230 20221008215530
20221013180230 20221008215655
20221013180230 20221003151192
20221013180230 20221003151182
20221013180230 20221003151184
20221013180230 20221003151024
20221013180230 20221003151025
20221013180230 20221013180125
20221014183030 20221020185927
20221014183030 20221006054727
20221014183030 20221009095853
20221014183030 20221014191506
20221014183030 20221003151443
20221014183030 20221014150222
20221014183030 20221012212839
20221014183030 20221027134758
20221014185530 20221003151258
20221014185530 20221016233507
20221014185530 20221013222124
20221014185530 20221003151443
20221014185730 20221016233507
20221014185730 20221003151017
20221014185730 20221003151016
20221014185730 20221003151015
20221014185730 20221003151443
20221014185930 20221016233351
20221014185930 20221009014200
20221014185930 20221003151443
20221014190030 20221020000157
20221014190030 20221016233446
20221014190030 20221003151443
20221014190230 20221016233254
20221014190230 20221003151443
20221015012530 20221015014643
20221015012530 20221009005402
20221015012530 20221015011525
20221015020830 20221003151443
20221015020830 20221003150098
20221015020830 20221014070023
20221015020830 20221012102820
20221015020830 20221008215400
20221015020830 20221003151338
20221015020830 20221006084204
20221016233530 20221016233532
20221016233530 20221014185603
20221016233530 20221014185619
20221016233530 20221014185802
20221016233530 20221016233529
20221016233630 20221016233632
20221016233630 20221014185600
20221016233630 20221014185609
20221016233630 20221014185843
20221016233630 20221014190105
20221016233630 20221014185459
20221016233630 20221016233628
20221016233730 20221016233732
20221016233730 20221014185933
20221016233730 20221016233729
20221022232030 20221009095853
20221022232030 20221007043259
20221022232030 20221006032546
20221022232030 20221003151267
20221022232030 20221003151264
20221022232030 20221013021614
20221028085630 20221006032546
20221028085630 20221003150098
20221028085630 20221012171100
