20221003150131 20221014190207
20221003150131 20221003150130
20221003150131 20221012154324
20221003150231 20221003150233
20221003150231 20221003150230
20221003150231 20221003150229
20221003150231 20221014190111
20221003150231 20221003151211
20221003150231 20221003151214
20221003150331 20221013190422
20221003150331 20221012154324
20221003150331 20221013175128
20221003150331 20221003151208
20221003150331 20221003151192
20221003150431 20221014190047
20221003150431 20221007220451
20221003150431 20221003150433
20221003150431 20221003150430
20221003150531 20221014190004
20221003150531 20221003150532
20221003150631 20221014185943
20221003150631 20221003150717
20221003150631 20221003150716
20221003150631 20221003150117
20221003150631 20221007220451
20221003150631 20221003151209
20221003150631 20221009014200
20221003150631 20221003150156
20221003150631 20221006025356
20221003150731 20221014185909
20221003150731 20221003150735
20221003150831 20221014185842
20221003150831 20221003151191
20221003150831 20221003151192
20221003150831 20221009005402
20221003150831 20221007220451
20221003150931 20221014185801
20221003150931 20221003150933
20221003151031 20221009005402
20221003151131 20221014185654
20221003151131 20221009005402
20221003151131 20221003151132
20221003151231 20221013222124
20221003151231 20221014185545
20221003151231 20221012153512
20221003151231 20221003151236
20221003151331 20221003151330
20221003151331 20221003151299
20221003151331 20221014190239
20221003151331 20221010164408
20221003151331 20221006191703
20221003151331 20221003151332
20221003151431 20221003151299
20221003151431 20221003151443
20221003151431 20221003151338
20221006010531 20221012135747
20221006010531 20221010074318
20221006010531 20221008070202
20221006010531 20221003151301
20221006010531 20221003150867
20221006010531 20221006010149
20221006010531 20221028023010
20221008081231 20221003151350
20221008081231 20221003151332
20221008081231 20221003151329
20221008081231 20221003151424
20221008081231 20221003151021
20221008081231 20221003151178
20221008081231 20221003151023
20221008081231 20221003150514
20221008081231 20221003151294
20221008081231 20221003150513
20221008081231 20221003150515
20221008081231 20221003151293
20221008081231 20221003151295
20221008081231 20221003151309
20221008081231 20221003151175
20221008081231 20221003150537
20221008081231 20221003150528
20221008081231 20221003151299
20221008081231 20221003150529
20221008214631 20221003150072
20221008214631 20221003150071
20221008214631 20221003150175
20221008214631 20221014142356
20221008214631 20221013222124
20221008214631 20221003150076
20221008214631 20221013035616
20221008214631 20221012061227
20221008214631 20221011075934
20221008214631 20221010222312
20221008214631 20221003150067
20221008214631 20221003151329
20221008214631 20221003151332
20221008214631 20221003151424
20221008214631 20221003151299
20221008214631 20221003150073
20221008214631 20221010074318
20221008214631 20221009162948
20221008214631 20221008061845
20221008214631 20221008212000
20221008214631 20221008214827
20221011181531 20221003151194
20221011181531 20221011184954
20221011181531 20221011183500
20221011181531 20221011182350
20221011181531 20221011182140
20221011181531 20221011181920
20221011181531 20221011181347
20221011181531 20221011181453
20221011181531 20221011181605
20221014185531 20221016233514
20221014185531 20221013222124
20221014185531 20221003151255
20221014185531 20221003151252
20221014185531 20221003151254
20221014185531 20221003151256
20221014185531 20221003151251
20221014185531 20221003151257
20221014185531 20221003151253
20221014185531 20221003151443
20221014185631 20221003151169
20221014185631 20221016233613
20221014185631 20221016233451
20221014185631 20221016233527
20221014185631 20221003151443
20221014185831 20221016233512
20221014185831 20221016233451
20221014185831 20221009014200
20221014185831 20221003150854
20221014185831 20221003150852
20221014185831 20221003150855
20221014185831 20221003150853
20221014185831 20221003150851
20221014185831 20221003150850
20221014185831 20221003151443
20221014190031 20221020000157
20221014190031 20221016233446
20221014190031 20221003151443
20221014190131 20221003150198
20221014190131 20221016233331
20221014190131 20221003151443
20221015010931 20221007043259
20221015010931 20221015011227
20221015010931 20221011134623
20221015010931 20221011092421
20221015010931 20221009172351
20221015010931 20221007194303
20221015010931 20221003150243
20221015010931 20221003150098
20221015010931 20221006213130
20221016233331 20221016233333
20221016233331 20221014185510
20221016233331 20221014190131
20221016233331 20221014190141
20221016233331 20221014190146
20221016233331 20221016233329
20221016233431 20221016233432
20221016233431 20221014185929
20221016233431 20221014185927
20221016233431 20221014185947
20221016233431 20221016233429
20221020183231 20221009102918
20221020183231 20221006032546
20221020183231 20221009172522
20221020183231 20221009172351
20221020183231 20221008061845
20221020183231 20221010153630
20221021221931 20221010044240
20221021221931 20221009095853
20221021221931 20221021202250
20221021221931 20221007175034
20221021221931 20221007051119
20221021221931 20221006084204
20221021221931 20221006032546
20221021221931 20221009102918
20221022000131 20221009095853
20221022000131 20221018050715
20221022000131 20221003150079
20221022000131 20221003150067
20221022000131 20221009015032
