20221003150132 20221012153512
20221003150132 20221008215400
20221003150132 20221008214827
20221003150132 20221008213254
20221003150132 20221006025356
20221003150132 20221003151299
20221003150232 20221014190109
20221003150232 20221003150233
20221003150332 20221003150801
20221003150332 20221003150791
20221003150432 20221014190047
20221003150432 20221009005402
20221003150432 20221003150433
20221003150532 20221003150531
20221003150532 20221003150530
20221003150532 20221014190004
20221003150632 20221014185941
20221003150632 20221003150157
20221003150632 20221013194055
20221003150632 20221003151274
20221003150632 20221003150156
20221003150632 20221003150140
20221003150632 20221006025356
20221003150732 20221014185909
20221003150732 20221003150735
20221003150832 20221014185840
20221003150832 20221003150833
20221003150932 20221014185801
20221003150932 20221003150933
20221003151032 20221007062330
20221003151132 20221014185654
20221003151132 20221009005402
20221003151132 20221003151134
20221003151132 20221003151131
20221003151232 20221003151204
20221003151232 20221013222124
20221003151232 20221014185545
20221003151232 20221003151236
20221003151332 20221019141821
20221003151332 20221014190232
20221003151332 20221014213559
20221003151332 20221014190239
20221003151332 20221003151335
20221003151332 20221014142356
20221003151332 20221013190051
20221003151332 20221003151302
20221003151332 20221003151329
20221003151332 20221008214631
20221003151332 20221003150067
20221003151332 20221003151424
20221003151332 20221003151299
20221003151332 20221003150073
20221003151332 20221009005402
20221003151332 20221008212519
20221003151332 20221008212000
20221003151332 20221008182309
20221003151332 20221008081231
20221003151332 20221008063052
20221003151332 20221008050923
20221003151332 20221008005525
20221003151332 20221007220451
20221003151332 20221007043259
20221003151332 20221006191703
20221003151332 20221003151331
20221003151332 20221004212452
20221003151332 20221003151350
20221003151432 20221014185509
20221003151432 20221007043259
20221003151432 20221003151441
20221006153432 20221012221003
20221009015032 20221022000131
20221009015032 20221014201909
20221009015032 20221009095853
20221009015032 20221006032546
20221009015032 20221008212000
20221009015032 20221010142810
20221009015032 20221008214406
20221009015032 20221009015743
20221009015032 20221006025356
20221009015032 20221008214827
20221009015032 20221003151271
20221009015032 20221006140520
20221009015032 20221028172836
20221009091132 20221008214406
20221009091132 20221007051119
20221009091132 20221008221940
20221009091132 20221006032546
20221009091132 20221009095853
20221011180032 20221008212802
20221011180032 20221011175709
20221013203732 20221003150221
20221013203732 20221013021614
20221013203732 20221012102144
20221013203732 20221006032546
20221013203732 20221012090938
20221014185632 20221003151168
20221014185632 20221016233451
20221014185632 20221016233518
20221014185632 20221003151443
20221014185732 20221016233512
20221014185732 20221016233507
20221014185732 20221003151009
20221014185732 20221003151010
20221014185732 20221003151008
20221014185732 20221003151007
20221014185732 20221003151013
20221014185732 20221003151012
20221014185732 20221003151011
20221014185732 20221003151014
20221014185732 20221003151443
20221014185932 20221016233507
20221014185932 20221016233613
20221014185932 20221009014200
20221014185932 20221003150665
20221014185932 20221003150663
20221014185932 20221003150664
20221014185932 20221003151443
20221014190132 20221016233439
20221014190132 20221003150197
20221014190132 20221003150196
20221014190132 20221003151443
20221014190232 20221003151424
20221014190232 20221003151332
20221014190232 20221003151329
20221014190232 20221016233434
20221014190232 20221003151443
20221016233432 20221019141821
20221016233432 20221016233434
20221016233432 20221014190129
20221016233432 20221016233431
20221016233532 20221016233534
20221016233532 20221014190143
20221016233532 20221016233530
20221016233632 20221016233633
20221016233632 20221014190033
20221016233632 20221014185602
20221016233632 20221014185619
20221016233632 20221014185729
20221016233632 20221014185617
20221016233632 20221016233630
20221016233732 20221016233734
20221016233732 20221014190244
20221016233732 20221016233730
20221017084532 20221019143615
20221017084532 20221003150464
20221017084532 20221014185739
20221017084532 20221003150975
20221017084532 20221017084459
20221018155432 20221012093513
20221018155432 20221018042949
20221018155432 20221018050302
20221018155432 20221007220451
20221018155432 20221008061845
20221018155432 20221010222312
20221018155432 20221014070023
20221018155432 20221012090938
20221019002732 20221012070318
20221019002732 20221006025356
20221019002732 20221003151329
20221019002732 20221003150191
20221019150132 20221003150673
20221019150132 20221003150600
20221019150132 20221003151172
20221019150132 20221003151140
20221019150132 20221003150750
20221019150132 20221003150748
20221019150132 20221003150747
20221019150132 20221003150746
20221019150132 20221003150425
20221019150132 20221003150424
20221019150132 20221003150384
20221019150132 20221003150749
20221023084432 20221009104752
20221023084432 20221006013313
20221023084432 20221008054439
20221023084432 20221014025416
20221023084432 20221013221136
20221023084432 20221007043259
20221026182432 20221026181955
20221026182432 20221003150098
20221026182432 20221006032546
20221026182432 20221006084204
20221026182432 20221007051119
20221026182432 20221007194303
20221026182432 20221013021614
20221026182432 20221012171100
20221028033132 20221021081636
20221028033132 20221006013313
20221028033132 20221006032546
20221028033132 20221008063052
20221028033132 20221009192000
20221028033132 20221013035124
20221028033132 20221012171100
