20221003150133 20221014190206
20221003150133 20221003151238
20221003150133 20221003150134
20221003150233 20221014190109
20221003150233 20221007220451
20221003150233 20221003150239
20221003150233 20221003150232
20221003150233 20221003150231
20221003150333 20221008215139
20221003150433 20221014190047
20221003150433 20221008215325
20221003150433 20221003150432
20221003150433 20221003150431
20221003150433 20221003150427
20221003150433 20221005200242
20221003150533 20221014190002
20221003150533 20221003150535
20221003150633 20221014185940
20221003150633 20221003150634
20221003150733 20221014185909
20221003150733 20221009005402
20221003150733 20221003150735
20221003150833 20221017172946
20221003150833 20221014185840
20221003150833 20221003150832
20221003150833 20221005200242
20221003150933 20221003150932
20221003150933 20221003150931
20221003150933 20221003150930
20221003150933 20221009021452
20221003150933 20221007220451
20221003150933 20221003151210
20221003150933 20221014185801
20221003150933 20221009005402
20221003151033 20221014185718
20221003151033 20221003151034
20221003151133 20221014185654
20221003151133 20221009005402
20221003151133 20221003151134
20221003151233 20221003150987
20221003151233 20221003150983
20221003151233 20221003151204
20221003151233 20221013222124
20221003151233 20221014185545
20221003151233 20221003151236
20221003151333 20221014190238
20221003151333 20221007181438
20221003151333 20221003151335
20221003151433 20221014185509
20221003151433 20221003151441
20221006032933 20221015021344
20221006032933 20221013204452
20221006032933 20221010161950
20221006032933 20221008214406
20221006032933 20221006032546
20221006032933 20221007043646
20221006032933 20221006084204
20221006032933 20221007051119
20221006032933 20221008042334
20221008024933 20221003151441
20221008024933 20221013222124
20221008024933 20221009162948
20221008024933 20221008212000
20221008024933 20221003151350
20221008024933 20221003150176
20221008024933 20221003150071
20221008024933 20221003150069
20221008024933 20221003150067
20221014185533 20221016233507
20221014185533 20221013222124
20221014185533 20221003151250
20221014185533 20221003151249
20221014185533 20221003151248
20221014185533 20221003151443
20221014185733 20221016233522
20221014185733 20221016233507
20221014185733 20221003150999
20221014185733 20221003150992
20221014185733 20221003150997
20221014185733 20221003150995
20221014185733 20221003151003
20221014185733 20221003150998
20221014185733 20221003150990
20221014185733 20221003150993
20221014185733 20221003150991
20221014185733 20221003151001
20221014185733 20221003151000
20221014185733 20221003151005
20221014185733 20221003151004
20221014185733 20221003151006
20221014185733 20221003150994
20221014185733 20221003150996
20221014185733 20221003151002
20221014185733 20221003151443
20221014185833 20221016233525
20221014185833 20221016233351
20221014185833 20221009014200
20221014185833 20221003150849
20221014185833 20221003151443
20221014185933 20221016233730
20221014185933 20221016233720
20221014185933 20221009014200
20221014185933 20221003150660
20221014185933 20221003150661
20221014185933 20221003150662
20221014185933 20221003151443
20221014190033 20221020000157
20221014190033 20221016233632
20221014190033 20221016233446
20221014190033 20221016233720
20221014190033 20221003151443
20221014190233 20221016233742
20221014190233 20221003150220
20221014190233 20221003150221
20221014190233 20221003151443
20221015173433 20221006025356
20221015173433 20221015172248
20221016233333 20221016233334
20221016233333 20221014190034
20221016233333 20221016233331
20221016233633 20221016233635
20221016233633 20221014185600
20221016233633 20221014185550
20221016233633 20221014185828
20221016233633 20221016233632
