20221003150134 20221014190206
20221003150134 20221013184806
20221003150134 20221003150973
20221003150134 20221003150550
20221003150134 20221003151238
20221003150134 20221003151195
20221003150134 20221003150133
20221003150234 20221014190109
20221003150234 20221008195148
20221003150234 20221007220451
20221003150234 20221003150239
20221003150334 20221013175957
20221003150334 20221009005402
20221003150334 20221007220451
20221003150434 20221009005402
20221003150434 20221008221822
20221003150534 20221014190002
20221003150534 20221003150535
20221003150634 20221014185940
20221003150634 20221013173355
20221003150634 20221003150635
20221003150634 20221003150633
20221003150634 20221005200242
20221003150734 20221014185909
20221003150734 20221003150735
20221003150834 20221014185839
20221003150834 20221017180938
20221003150834 20221008215655
20221003150834 20221008215530
20221003150834 20221003151299
20221003150834 20221003151210
20221003150934 20221014185759
20221003150934 20221003151207
20221003150934 20221013185251
20221003150934 20221009014200
20221003150934 20221013174958
20221003150934 20221003150366
20221003150934 20221009005402
20221003150934 20221008194048
20221003151034 20221014185718
20221003151034 20221003151033
20221003151034 20221005200242
20221003151134 20221003151342
20221003151134 20221014185654
20221003151134 20221007220451
20221003151134 20221003151144
20221003151134 20221003151133
20221003151134 20221003151132
20221003151334 20221014190238
20221003151334 20221007181438
20221003151334 20221003151335
20221003151434 20221014185509
20221003151434 20221003151441
20221007175034 20221021221931
20221007175034 20221006153641
20221007175034 20221006051705
20221007175034 20221006010149
20221007175034 20221006012927
20221007175034 20221007051119
20221007175034 20221007043646
20221007175034 20221003151424
20221007175034 20221006032546
20221007175034 20221028014614
20221007175034 20221028021608
20221007175034 20221012153643
20221007193634 20221010184202
20221007193634 20221007194303
20221007193634 20221006032546
20221007193634 20221003151281
20221007193634 20221007193324
20221008042334 20221013194055
20221008042334 20221010164408
20221008042334 20221006032933
20221008042334 20221007062330
20221008042334 20221003150798
20221008061334 20221013222124
20221008061334 20221009192000
20221008061334 20221008214406
20221008061334 20221009021452
20221008061334 20221009014200
20221008061334 20221009001238
20221008061334 20221008054439
20221008061334 20221007194303
20221008061334 20221007044552
20221008061334 20221007181438
20221008061334 20221007062330
20221008061334 20221008054623
20221008061334 20221007193324
20221008061334 20221006084204
20221008061334 20221006013313
20221008061334 20221007200304
20221008061334 20221026181955
20221008061334 20221007220451
20221011075934 20221013222124
20221011075934 20221009162948
20221011075934 20221008214631
20221011075934 20221003150067
20221011075934 20221008061845
20221011075934 20221006033248
20221011075934 20221006025356
20221011075934 20221008212929
20221011075934 20221008221822
20221014154934 20221008214827
20221014154934 20221008214935
20221014154934 20221003151267
20221014154934 20221014154703
20221014154934 20221010222312
20221014154934 20221006032546
20221014154934 20221003150079
20221014154934 20221003150075
20221014154934 20221003150067
20221014154934 20221009162538
20221014185534 20221016233507
20221014185534 20221013222124
20221014185534 20221003151246
20221014185534 20221003151245
20221014185534 20221003151247
20221014185534 20221003151443
20221014185634 20221003151167
20221014185634 20221016233451
20221014185634 20221003151443
20221014185834 20221016233720
20221014185834 20221016233706
20221014185834 20221016233510
20221014185834 20221016233507
20221014185834 20221016233644
20221014185834 20221016233625
20221014185834 20221009014200
20221014185834 20221003150847
20221014185834 20221003150842
20221014185834 20221003150845
20221014185834 20221003150846
20221014185834 20221003150840
20221014185834 20221003150841
20221014185834 20221003150839
20221014185834 20221003150843
20221014185834 20221003150844
20221014185834 20221003151443
20221014190034 20221020000157
20221014190034 20221016233339
20221014190034 20221016233347
20221014190034 20221016233344
20221014190034 20221016233333
20221014190034 20221016233635
20221014190034 20221016233623
20221014190034 20221016233446
20221014190034 20221003151443
20221014190134 20221018125400
20221014190134 20221016233334
20221014190134 20221016233427
20221014190134 20221003151443
20221016161034 20221009095853
20221016161034 20221003150350
20221016161034 20221015172248
20221016161034 20221007062330
20221016161034 20221012090938
20221016233334 20221016233336
20221016233334 20221014190134
20221016233334 20221014185810
20221016233334 20221014185459
20221016233334 20221014190141
20221016233334 20221014190001
20221016233334 20221014185510
20221016233334 20221014185443
20221016233334 20221016233333
20221016233434 20221016233436
20221016233434 20221014190037
20221016233434 20221014185914
20221016233434 20221014185825
20221016233434 20221014185929
20221016233434 20221014185905
20221016233434 20221014190221
20221016233434 20221014190232
20221016233434 20221016233432
20221016233534 20221016233535
20221016233534 20221014185909
20221016233534 20221014185600
20221016233534 20221016233532
20221016233734 20221016233735
20221016233734 20221014190047
20221016233734 20221014185619
20221016233734 20221016233732
20221021182334 20221008061845
20221021182334 20221007043646
