20221003150135 20221015004120
20221003150135 20221003150917
20221003150135 20221006025356
20221003150135 20221003151299
20221003150235 20221014190109
20221003150235 20221008195148
20221003150235 20221007220451
20221003150235 20221003150239
20221003150335 20221013175957
20221003150335 20221013175128
20221003150335 20221012154324
20221003150335 20221003150242
20221003150435 20221009005402
20221003150535 20221014190002
20221003150535 20221003150537
20221003150535 20221003150534
20221003150535 20221003150533
20221003150535 20221005200242
20221003150635 20221014185940
20221003150635 20221003150634
20221003150635 20221005200242
20221003150735 20221014185909
20221003150735 20221003150739
20221003150735 20221003150734
20221003150735 20221003150733
20221003150735 20221003150732
20221003150735 20221003150731
20221003150835 20221003151152
20221003150835 20221014185837
20221003150835 20221003150838
20221003150835 20221003150837
20221003150935 20221014185758
20221003150935 20221003150937
20221003151035 20221003151198
20221003151035 20221003151153
20221003151035 20221003150312
20221003151135 20221014185654
20221003151135 20221009015558
20221003151135 20221009005402
20221003151135 20221008061845
20221003151135 20221003151144
20221003151235 20221013185251
20221003151235 20221013222124
20221003151235 20221014185545
20221003151235 20221009005402
20221003151235 20221003151236
20221003151335 20221008212000
20221003151335 20221009014200
20221003151335 20221003150881
20221003151335 20221014190238
20221003151335 20221014160551
20221003151335 20221011145037
20221003151335 20221007220451
20221003151335 20221006025356
20221003151335 20221003151332
20221003151335 20221003151329
20221003151335 20221003151299
20221003151335 20221008212802
20221003151335 20221007205652
20221003151335 20221007181438
20221003151335 20221003151334
20221003151335 20221003151333
20221003151435 20221014185509
20221003151435 20221003151441
20221006140135 20221012221003
20221006215135 20221019151504
20221006215135 20221016233401
20221006215135 20221009005402
20221006215135 20221009001740
20221006215135 20221007044552
20221006215135 20221006213414
20221006215135 20221003151185
20221006215135 20221003151190
20221006215135 20221003150526
20221006215135 20221006213649
20221007055535 20221008042814
20221007055535 20221008214406
20221007055535 20221007193324
20221007055535 20221003151424
20221007055535 20221006032546
20221008214935 20221017084459
20221008214935 20221014154934
20221008214935 20221003151178
20221008214935 20221003150516
20221008214935 20221014205906
20221008214935 20221014154703
20221008214935 20221006033248
20221008214935 20221008181850
20221008214935 20221008215739
20221008214935 20221008212519
20221008214935 20221003151279
20221014185635 20221016233516
20221014185635 20221003151443
20221014185635 20221003151166
20221014185735 20221016233507
20221014185735 20221016233635
20221014185735 20221016233620
20221014185735 20221016233618
20221014185735 20221003150985
20221014185735 20221003150980
20221014185735 20221003150984
20221014185735 20221003150986
20221014185735 20221003150988
20221014185735 20221003150981
20221014185735 20221003150983
20221014185735 20221003150979
20221014185735 20221003150987
20221014185735 20221003150982
20221014185735 20221003151443
20221014185935 20221016233419
20221014185935 20221016233545
20221014185935 20221016233522
20221014185935 20221016233514
20221014185935 20221016233505
20221014185935 20221016233625
20221014185935 20221009014200
20221014185935 20221003150655
20221014185935 20221003150657
20221014185935 20221003150653
20221014185935 20221003150659
20221014185935 20221003150654
20221014185935 20221003150656
20221014185935 20221003150658
20221014185935 20221003150652
20221014185935 20221003151443
20221014190135 20221003150195
20221014190135 20221016233417
20221014190135 20221003151443
20221014190235 20221016233658
20221014190235 20221003151443
20221015005535 20221008221822
20221015005535 20221008221548
20221015005535 20221003151193
20221015005535 20221015005557
20221015005535 20221003150946
20221016233535 20221016233537
20221016233535 20221014190056
20221016233535 20221014185619
20221016233535 20221014185644
20221016233535 20221014190247
20221016233535 20221014185450
20221016233535 20221016233534
20221016233635 20221016233637
20221016233635 20221014185450
20221016233635 20221014185617
20221016233635 20221014185619
20221016233635 20221014185603
20221016233635 20221014185735
20221016233635 20221014190034
20221016233635 20221014185550
20221016233635 20221014190056
20221016233635 20221014185823
20221016233635 20221014190147
20221016233635 20221016233633
20221016233735 20221016233737
20221016233735 20221014185536
20221016233735 20221014185600
20221016233735 20221016233734
