20221003150136 20221022210052
20221003150136 20221014190204
20221003150136 20221018174628
20221003150136 20221009014200
20221003150136 20221008215400
20221003150136 20221006025356
20221003150236 20221014190109
20221003150236 20221010064819
20221003150236 20221003150239
20221003150336 20221014190054
20221003150336 20221007220451
20221003150336 20221003150338
20221003150436 20221008221548
20221003150436 20221007220451
20221003150436 20221003151204
20221003150436 20221003151200
20221003150436 20221003151187
20221003150436 20221003151186
20221003150436 20221003151182
20221003150436 20221003150558
20221003150436 20221003150557
20221003150436 20221013171453
20221003150436 20221008221822
20221003150536 20221014190002
20221003150536 20221007220451
20221003150536 20221003150537
20221003150636 20221014185938
20221003150636 20221003150648
20221003150736 20221014185909
20221003150736 20221003150738
20221003150836 20221014185837
20221003150836 20221003150837
20221003150936 20221014185758
20221003150936 20221003150937
20221003151036 20221008213254
20221003151036 20221003151153
20221003151136 20221015014643
20221003151136 20221014185654
20221003151136 20221009005402
20221003151136 20221007220451
20221003151136 20221003151144
20221003151236 20221003151235
20221003151236 20221003151233
20221003151236 20221003151232
20221003151236 20221003151231
20221003151236 20221013222124
20221003151236 20221014185545
20221003151236 20221003151204
20221003151236 20221012153512
20221003151236 20221009005402
20221003151336 20221014190125
20221003151336 20221003151337
20221003151436 20221014185509
20221003151436 20221003151441
20221003151436 20221003151399
20221009102436 20221003151176
20221009102436 20221011190351
20221009102436 20221017060902
20221009102436 20221015022512
20221009102436 20221003151179
20221009102436 20221007220451
20221009102436 20221003150967
20221009102436 20221003151175
20221009102436 20221003150356
20221009102436 20221003151196
20221009102436 20221003151200
20221009102436 20221003151199
20221009102436 20221003151169
20221009102436 20221003151168
20221009102436 20221003151195
20221009102436 20221003151164
20221009102436 20221003151204
20221009102436 20221003151203
20221009102436 20221003151202
20221009102436 20221003151192
20221009102436 20221009001740
20221009102436 20221007044552
20221009102436 20221003151170
20221009102436 20221003151171
20221009102436 20221003151172
20221009102436 20221003151173
20221009102436 20221003151174
20221009102436 20221003151180
20221009102436 20221003151181
20221009102436 20221003151182
20221009102436 20221003151183
20221009102436 20221003151184
20221009102436 20221003151185
20221009102436 20221003151186
20221009102436 20221003151187
20221009102436 20221003151188
20221009102436 20221003151189
20221009102436 20221003151190
20221009102436 20221003151191
20221009102436 20221003151193
20221009102436 20221003151197
20221009102436 20221003151198
20221009102436 20221003151205
20221009102436 20221003151206
20221009102436 20221003151207
20221009102436 20221003151208
20221009102436 20221003151209
20221009102436 20221003151210
20221009102436 20221003151211
20221009102436 20221003151212
20221009102436 20221003151213
20221009102436 20221003151214
20221009102436 20221009005402
20221009102436 20221003151162
20221009102436 20221003151163
20221009102436 20221011181920
20221009102436 20221010182721
20221009102436 20221009192000
20221009102436 20221008042814
20221009102436 20221003151166
20221012070836 20221013204452
20221012070836 20221003151210
20221012070836 20221006025356
20221012070836 20221003151299
20221012070836 20221003151325
20221012070836 20221008214827
20221012070836 20221012070358
20221012070836 20221012070318
20221012070836 20221008221548
20221012070836 20221003150173
20221013221136 20221024215216
20221013221136 20221023085822
20221013221136 20221025045053
20221013221136 20221023084432
20221013221136 20221006013313
20221013221136 20221006032546
20221013221136 20221014025416
20221013221136 20221009102918
20221013221136 20221008054439
20221013221136 20221006084204
20221013221136 20221009095853
20221013221136 20221024213239
20221013221136 20221025005842
20221013221136 20221028023010
20221013221136 20221028021608
20221013221136 20221028200515
20221013222336 20221006084204
20221013222336 20221013222124
20221013222336 20221003151299
20221013222336 20221010222312
20221013222336 20221003150075
20221013222336 20221003150079
20221013222336 20221003151210
20221014185536 20221016233735
20221014185536 20221013222124
20221014185536 20221003151244
20221014185536 20221003151243
20221014185536 20221003151242
20221014185536 20221003151443
20221014185736 20221016233507
20221014185736 20221003150978
20221014185736 20221003150977
20221014185736 20221003151443
20221014185836 20221003150838
20221014185836 20221016233441
20221014185836 20221016233401
20221014185836 20221009014200
20221014185836 20221003151443
20221014185936 20221016233559
20221014185936 20221009014200
20221014185936 20221003150649
20221014185936 20221003150651
20221014185936 20221003150650
20221014185936 20221003151443
20221014190036 20221016233558
20221014190036 20221003150490
20221014190036 20221003150489
20221014190036 20221003150491
20221014190036 20221003151443
20221014190236 20221016233427
20221014190236 20221016233256
20221014190236 20221016233505
20221014190236 20221003151264
20221014190236 20221003151267
20221014190236 20221003151265
20221014190236 20221003151266
20221014190236 20221003151443
20221015024136 20221019003259
20221015024136 20221015024515
20221015024136 20221008212802
20221015024136 20221006025356
20221015024136 20221015004120
20221016233336 20221016233338
20221016233336 20221014185943
20221016233336 20221014185911
20221016233336 20221016233334
20221016233436 20221016233437
20221016233436 20221014190122
20221016233436 20221016233434
20221021081636 20221011153230
20221021081636 20221008063052
20221021081636 20221026064448
20221021081636 20221026135114
20221021081636 20221026152737
20221021081636 20221026165857
20221021081636 20221024180316
20221021081636 20221026181955
20221021081636 20221005200242
20221021081636 20221028014614
20221021081636 20221028032005
20221021081636 20221028033132
20221021081636 20221028161058
20221021081636 20221028175711
20221021081636 20221028194014
20221028172836 20221028161058
20221028172836 20221009015032
20221028172836 20221009015743
20221028172836 20221009095853
20221028172836 20221012171100
20221030030036 20221018050715
20221030030036 20221003151443
20221030030036 20221008042814
20221030030036 20221006032546
20221030030036 20221008021753
20221030030036 20221009165318
20221030030036 20221012171100
