20221003150137 20221014190203
20221003150137 20221018152638
20221003150137 20221013194055
20221003150137 20221003151274
20221003150137 20221006025356
20221003150137 20221006025730
20221003150237 20221014190109
20221003150237 20221010064819
20221003150237 20221008195148
20221003150237 20221003150239
20221003150337 20221014190054
20221003150337 20221003150338
20221003150437 20221015004252
20221003150437 20221009005402
20221003150537 20221014190002
20221003150537 20221008081231
20221003150537 20221007220451
20221003150537 20221003150536
20221003150537 20221003150535
20221003150537 20221005200242
20221003150637 20221014185938
20221003150637 20221003150638
20221003150737 20221014185909
20221003150737 20221003150738
20221003150837 20221014185837
20221003150837 20221003150836
20221003150837 20221003150835
20221003150937 20221014185758
20221003150937 20221003150936
20221003150937 20221003150935
20221003151037 20221005200242
20221003151137 20221014185654
20221003151137 20221003151207
20221003151137 20221009005402
20221003151137 20221007220451
20221003151137 20221003151144
20221003151137 20221003151172
20221003151237 20221014185544
20221003151237 20221008213825
20221003151237 20221003150242
20221003151237 20221003151192
20221003151237 20221003151190
20221003151237 20221003150659
20221003151337 20221014190125
20221003151337 20221003151338
20221003151337 20221003151336
20221003151437 20221014185509
20221003151437 20221003151441
20221010183037 20221006054727
20221010183037 20221007043259
20221010183037 20221006033248
20221010183037 20221003150444
20221010183037 20221007220451
20221010183037 20221008214406
20221010183037 20221007043646
20221010183037 20221003150098
20221010183037 20221006013612
20221010183037 20221007182026
20221011145037 20221003150080
20221011145037 20221014160244
20221011145037 20221003151335
20221011145037 20221003150559
20221011145037 20221011145639
20221011145037 20221006213649
20221011145037 20221007220451
20221011145037 20221008213458
20221013180437 20221008183326
20221013180437 20221007043646
20221013180437 20221008061845
20221013180437 20221008213254
20221013180437 20221006013313
20221013185837 20221003150439
20221013185837 20221003150371
20221013185837 20221003151039
20221013185837 20221003151207
20221013185837 20221003151026
20221013185837 20221003150162
20221013185837 20221008215655
20221013185837 20221003151094
20221013185837 20221003151153
20221014185537 20221003151241
20221014185537 20221016233507
20221014185537 20221013222124
20221014185537 20221003151443
20221014185637 20221003151165
20221014185637 20221016233451
20221014185637 20221003151443
20221014185837 20221016233449
20221014185837 20221009014200
20221014185837 20221003150836
20221014185837 20221003150835
20221014185837 20221003150837
20221014185837 20221003151443
20221014190037 20221019144206
20221014190037 20221016233542
20221014190037 20221016233646
20221014190037 20221016233603
20221014190037 20221016233446
20221014190037 20221016233434
20221014190037 20221009014200
20221014190037 20221003150479
20221014190037 20221003150487
20221014190037 20221003150486
20221014190037 20221003150482
20221014190037 20221003150485
20221014190037 20221003150484
20221014190037 20221003150480
20221014190037 20221003150483
20221014190037 20221003150477
20221014190037 20221003150481
20221014190037 20221003150488
20221014190037 20221003151443
20221014190137 20221003150194
20221014190137 20221016233321
20221014190137 20221003151443
20221016202237 20221009095853
20221016202237 20221006032546
20221016202237 20221006054727
20221016202237 20221026064448
20221016233437 20221016233439
20221016233437 20221014185923
20221016233437 20221014190238
20221016233437 20221014190112
20221016233437 20221014185521
20221016233437 20221016233436
20221016233537 20221016233538
20221016233537 20221014190105
20221016233537 20221016233535
20221016233637 20221016233639
20221016233637 20221014185550
20221016233637 20221014185509
20221016233637 20221014185450
20221016233637 20221014185622
20221016233637 20221014185955
20221016233637 20221014185700
20221016233637 20221014185629
20221016233637 20221014185628
20221016233637 20221014185829
20221016233637 20221014185623
20221016233637 20221014185602
20221016233637 20221014185718
20221016233637 20221014185709
20221016233637 20221014185901
20221016233637 20221016233635
20221016233737 20221016233739
20221016233737 20221014185854
20221016233737 20221014190149
20221016233737 20221014190056
20221016233737 20221014185918
20221016233737 20221014185450
20221016233737 20221016233735
20221026152737 20221008063052
20221026152737 20221026135114
20221026152737 20221026064448
20221026152737 20221021081636
20221026152737 20221009095853
20221026152737 20221012171100
