20221003150138 20221017180938
20221003150138 20221013171453
20221003150138 20221014190201
20221003150138 20221003150566
20221003150138 20221003150565
20221003150138 20221003150140
20221003150238 20221014190109
20221003150238 20221010064819
20221003150238 20221008195148
20221003150238 20221007220451
20221003150238 20221003150239
20221003150338 20221014190054
20221003150338 20221009005402
20221003150338 20221003150340
20221003150338 20221003150337
20221003150338 20221003150336
20221003150438 20221008221822
20221003150438 20221008221548
20221003150438 20221003151186
20221003150438 20221003151020
20221003150438 20221003151006
20221003150438 20221003150442
20221003150438 20221013171453
20221003150538 20221014190002
20221003150538 20221009005402
20221003150538 20221003150539
20221003150638 20221014185938
20221003150638 20221003150648
20221003150638 20221003150637
20221003150638 20221005200242
20221003150738 20221003151192
20221003150738 20221003151190
20221003150738 20221014185909
20221003150738 20221003150739
20221003150738 20221003150737
20221003150738 20221003150736
20221003150838 20221014185836
20221003150838 20221003151015
20221003150838 20221003151017
20221003150838 20221003151198
20221003150838 20221003150835
20221003150838 20221003150568
20221003150838 20221003150567
20221003150838 20221003150312
20221003150938 20221014185756
20221003150938 20221003151210
20221003150938 20221003151208
20221003150938 20221009005402
20221003151038 20221014185718
20221003151038 20221003151039
20221003151138 20221014185654
20221003151138 20221007220451
20221003151138 20221003151144
20221003151238 20221014185542
20221003151238 20221013222124
20221003151238 20221007220451
20221003151238 20221006213649
20221003151238 20221006213311
20221003151238 20221006213130
20221003151238 20221003151195
20221003151238 20221003150855
20221003151238 20221003150134
20221003151238 20221003150133
20221003151238 20221003150259
20221003151338 20221015020830
20221003151338 20221014213559
20221003151338 20221014190125
20221003151338 20221014074726
20221003151338 20221003151431
20221003151338 20221003151340
20221003151338 20221010044240
20221003151338 20221011153230
20221003151338 20221010074318
20221003151338 20221009211130
20221003151338 20221008212519
20221003151338 20221008070202
20221003151338 20221008052510
20221003151338 20221007043259
20221003151338 20221003151337
20221003151338 20221024070910
20221003151338 20221003151350
20221003151338 20221028023010
20221003151338 20221027150053
20221003151438 20221014185509
20221003151438 20221010074318
20221003151438 20221003151441
20221003151438 20221005200242
20221007181438 20221008063052
20221007181438 20221008061334
20221007181438 20221003151333
20221007181438 20221003151335
20221007181438 20221003151334
20221007181438 20221003151299
20221007181438 20221003150662
20221007181438 20221003150156
20221007181438 20221006032546
20221007181438 20221003151424
20221009001238 20221009001455
20221009001238 20221009001740
20221009001238 20221008061334
20221009001238 20221003150356
20221009022138 20221008042814
20221009022138 20221006054727
20221009022138 20221007043259
20221009022138 20221006013313
20221009162538 20221007200304
20221009162538 20221006032546
20221009162538 20221003151264
20221009162538 20221003151265
20221009162538 20221003151267
20221009162538 20221008061845
20221009162538 20221010222312
20221009162538 20221010074318
20221009162538 20221013021614
20221009162538 20221014154934
20221009162538 20221003151299
20221012090938 20221018155432
20221012090938 20221018042949
20221012090938 20221018022719
20221012090938 20221016161034
20221012090938 20221015173720
20221012090938 20221015172248
20221012090938 20221008061845
20221012090938 20221012093513
20221012090938 20221013203732
20221012090938 20221012101349
20221012090938 20221007043646
20221012090938 20221008183326
20221012090938 20221012094712
20221012090938 20221012090359
20221012213538 20221009095853
20221012213538 20221007185940
20221012213538 20221006013612
20221014185638 20221003151164
20221014185638 20221016233451
20221014185638 20221003151443
20221014185738 20221003150976
20221014185738 20221016233507
20221014185738 20221003151443
20221014185938 20221003150648
20221014185938 20221003150644
20221014185938 20221016233401
20221014185938 20221016233549
20221014185938 20221016233527
20221014185938 20221016233525
20221014185938 20221016233505
20221014185938 20221016233352
20221014185938 20221016233323
20221014185938 20221009014200
20221014185938 20221003150637
20221014185938 20221003150643
20221014185938 20221003150646
20221014185938 20221003150638
20221014185938 20221003150641
20221014185938 20221003150642
20221014185938 20221003150645
20221014185938 20221003150636
20221014185938 20221003150640
20221014185938 20221003150639
20221014185938 20221003150647
20221014185938 20221003151443
20221014190138 20221016233503
20221014190138 20221009014200
20221014190138 20221003150193
20221014190138 20221003150192
20221014190138 20221003151443
20221014190238 20221016233516
20221014190238 20221016233437
20221014190238 20221003151333
20221014190238 20221003151334
20221014190238 20221003151335
20221014190238 20221003151443
20221016233338 20221018134040
20221016233338 20221006214348
20221016233338 20221016233339
20221016233338 20221014185808
20221016233338 20221016233336
20221016233538 20221016233540
20221016233538 20221014185619
20221016233538 20221016233537
20221017033638 20221017033801
20221017033638 20221011092421
20221017033638 20221006214729
20221017033638 20221006213821
20221017033638 20221011092204
20221017180938 20221003151089
20221017180938 20221003151221
20221017180938 20221003150138
20221017180938 20221020000848
20221017180938 20221003150753
20221017180938 20221003150677
20221017180938 20221003150777
20221017180938 20221018125400
20221017180938 20221017182222
20221017180938 20221017182053
20221017180938 20221003150709
20221017180938 20221003150600
20221017180938 20221003150673
20221017180938 20221003150834
20221017180938 20221003150659
20221017180938 20221003150819
20221017180938 20221003150816
20221017180938 20221003150739
20221017180938 20221003150847
20221017180938 20221003150648
20221017180938 20221003150694
20221018152638 20221018152947
20221018152638 20221018152809
20221018152638 20221003150229
20221018152638 20221008212802
20221018152638 20221003150137
20221025024238 20221013021614
20221025024238 20221006032546
20221025024238 20221025025810
20221025024238 20221031192031
