20221003150139 20221013171453
20221003150139 20221014190201
20221003150139 20221003150140
20221003150239 20221003150238
20221003150239 20221003150237
20221003150239 20221003150236
20221003150239 20221003150235
20221003150239 20221003150234
20221003150239 20221003150233
20221003150239 20221022210052
20221003150239 20221014190109
20221003150239 20221010064819
20221003150239 20221007220451
20221003150339 20221014190054
20221003150339 20221010074318
20221003150339 20221003150340
20221003150439 20221003151175
20221003150439 20221013185837
20221003150439 20221003150449
20221003150439 20221008215655
20221003150439 20221007220451
20221003150439 20221007194303
20221003150439 20221003151207
20221003150439 20221013171453
20221003150539 20221014190002
20221003150539 20221009005402
20221003150539 20221003150548
20221003150539 20221003150538
20221003150539 20221005200242
20221003150639 20221014185938
20221003150639 20221009005402
20221003150639 20221003150648
20221003150739 20221003150738
20221003150739 20221003150735
20221003150739 20221017180938
20221003150739 20221003151190
20221003150739 20221014185909
20221003150739 20221009005402
20221003150839 20221014185834
20221003150839 20221003150847
20221003150939 20221014190123
20221003150939 20221014185754
20221003150939 20221009005402
20221003150939 20221003150940
20221003151039 20221014185718
20221003151039 20221003151175
20221003151039 20221013185837
20221003151039 20221003150449
20221003151039 20221003151038
20221003151039 20221005200242
20221003151139 20221014185654
20221003151139 20221007220451
20221003151139 20221003151144
20221003151239 20221014185540
20221003151239 20221003151299
20221003151239 20221006035818
20221003151339 20221008181005
20221003151339 20221003151367
20221003151339 20221003151299
20221003151339 20221003150946
20221003151339 20221003150942
20221003151439 20221018133841
20221003151439 20221014185509
20221003151439 20221003150684
20221003151439 20221003151441
20221007023939 20221003150105
20221007023939 20221003151363
20221007023939 20221003150946
20221008054439 20221020052758
20221008054439 20221019143615
20221008054439 20221003150993
20221008054439 20221014071406
20221008054439 20221014025416
20221008054439 20221014024704
20221008054439 20221013221136
20221008054439 20221012153512
20221008054439 20221008061334
20221008054439 20221008054623
20221008054439 20221006153641
20221008054439 20221006013313
20221008054439 20221023084432
20221008215139 20221003150276
20221008215139 20221013192245
20221008215139 20221013185656
20221008215139 20221013185120
20221008215139 20221013185456
20221008215139 20221003151221
20221008215139 20221012211416
20221008215139 20221010064819
20221008215139 20221008215400
20221008215139 20221008215325
20221008215139 20221008215739
20221008215139 20221003150333
20221008215139 20221003151167
20221008215139 20221003150972
20221008215139 20221003151415
20221008215739 20221003151167
20221008215739 20221008215139
20221008215739 20221008214935
20221008215739 20221010064819
20221011145639 20221008042814
20221011145639 20221011145143
20221011145639 20221011145037
20221012212839 20221014191506
20221012212839 20221014183030
20221012212839 20221013035124
20221012212839 20221014150222
20221012212839 20221003151443
20221012212839 20221009172351
20221012212839 20221006013612
20221012212839 20221008042814
20221014185539 20221003151240
20221014185539 20221016233540
20221014185539 20221016233507
20221014185539 20221013222124
20221014185539 20221003151443
20221014185739 20221017084532
20221014185739 20221016233609
20221014185739 20221003150975
20221014185739 20221003150974
20221014185739 20221003151443
20221014185839 20221003150834
20221014185839 20221016233323
20221014185839 20221009014200
20221014185839 20221003151443
20221014190039 20221016233648
20221014190039 20221016233618
20221014190039 20221016233603
20221014190039 20221016233412
20221014190039 20221016233702
20221014190039 20221016233542
20221014190039 20221016233503
20221014190039 20221013222124
20221014190039 20221003150473
20221014190039 20221003150468
20221014190039 20221003150469
20221014190039 20221003150466
20221014190039 20221003150470
20221014190039 20221003150472
20221014190039 20221003150476
20221014190039 20221003150467
20221014190039 20221003150471
20221014190039 20221003150474
20221014190039 20221003150475
20221014190039 20221003151443
20221014190239 20221016233319
20221014190239 20221016233505
20221014190239 20221016233304
20221014190239 20221016233427
20221014190239 20221003151331
20221014190239 20221003151330
20221014190239 20221003151332
20221014190239 20221006032546
20221014190239 20221003151443
20221016233339 20221016233341
20221016233339 20221014190034
20221016233339 20221014190028
20221016233339 20221014185759
20221016233339 20221016233338
20221016233439 20221016233441
20221016233439 20221014190210
20221016233439 20221014190132
20221016233439 20221014185929
20221016233439 20221014185950
20221016233439 20221014190001
20221016233439 20221014185947
20221016233439 20221014185651
20221016233439 20221014185926
20221016233439 20221014190259
20221016233439 20221016233437
20221016233639 20221016233641
20221016233639 20221014185718
20221016233639 20221014185623
20221016233639 20221014185450
20221016233639 20221014185509
20221016233639 20221014190229
20221016233639 20221016233637
20221016233739 20221016233740
20221016233739 20221014185619
20221016233739 20221014185452
20221016233739 20221014185450
20221016233739 20221014185718
20221016233739 20221014190047
20221016233739 20221014190105
20221016233739 20221016233737
20221024213239 20221009172522
20221024213239 20221008061845
20221024213239 20221011193153
20221024213239 20221014023054
20221024213239 20221012153512
20221024213239 20221013221136
20221024213239 20221025045053
20221024213239 20221012171100
