20221003150140 20221018125400
20221003150140 20221013171453
20221003150140 20221003150632
20221003150140 20221003150199
20221003150140 20221006025730
20221003150140 20221018174628
20221003150140 20221014190201
20221003150140 20221009005402
20221003150140 20221003150139
20221003150140 20221003150138
20221003150240 20221014190108
20221003150240 20221003151178
20221003150240 20221003150592
20221003150240 20221003151023
20221003150240 20221013171453
20221003150240 20221007194303
20221003150240 20221003151021
20221003150340 20221003150339
20221003150340 20221003150338
20221003150340 20221014190054
20221003150440 20221013171453
20221003150440 20221007220451
20221003150440 20221007194303
20221003150440 20221003151153
20221003150540 20221014190002
20221003150540 20221009005402
20221003150540 20221003150543
20221003150640 20221003151177
20221003150640 20221009014200
20221003150640 20221014185938
20221003150640 20221013173355
20221003150640 20221003150648
20221003150740 20221014185908
20221003150740 20221012153512
20221003150740 20221009005402
20221003150740 20221003150744
20221003150840 20221014185834
20221003150840 20221003151195
20221003150840 20221013173355
20221003150840 20221003150550
20221003150840 20221003150847
20221003150940 20221014190123
20221003150940 20221014185754
20221003150940 20221008213254
20221003150940 20221003150942
20221003150940 20221003150939
20221003151040 20221009005402
20221003151140 20221019150132
20221003151140 20221014185654
20221003151140 20221013185656
20221003151140 20221009005402
20221003151140 20221007220451
20221003151140 20221003151144
20221003151240 20221014185539
20221003151240 20221003151209
20221003151240 20221009005402
20221003151340 20221014190122
20221003151340 20221003151278
20221003151340 20221003151276
20221003151340 20221003151338
20221003151340 20221003151299
20221003151440 20221003151301
20221003151440 20221014185509
20221003151440 20221007043259
20221003151440 20221003151441
20221007185940 20221012213538
20221007185940 20221009192000
20221007185940 20221007220451
20221008221940 20221010064819
20221008221940 20221009091132
20221008221940 20221003150289
20221008221940 20221008221548
20221008221940 20221008213254
20221009001740 20221009102436
20221009001740 20221003151193
20221009001740 20221003150683
20221009001740 20221006025356
20221009001740 20221003151153
20221009001740 20221003151144
20221009001740 20221003150488
20221009001740 20221006214729
20221009001740 20221006215135
20221009001740 20221007220451
20221009001740 20221006213649
20221009001740 20221009001238
20221009001740 20221008042814
20221010044240 20221009095853
20221010044240 20221021221931
20221010044240 20221009102918
20221010044240 20221021202250
20221010044240 20221006084204
20221010044240 20221003151338
20221011182140 20221011181531
20221011182140 20221011181920
20221011182140 20221011182350
20221011182140 20221011182254
20221011182140 20221011182016
20221011182140 20221011181820
20221011182140 20221011181347
20221014185440 20221017070405
20221014185440 20221003151275
20221014185440 20221016233323
20221014185440 20221003151443
20221014185540 20221003151239
20221014185540 20221016233507
20221014185540 20221013222124
20221014185540 20221003151443
20221014185640 20221016233458
20221014185640 20221016233451
20221014185640 20221003151162
20221014185640 20221003151163
20221014185640 20221003151443
20221014185840 20221016233512
20221014185840 20221009014200
20221014185840 20221003150832
20221014185840 20221003150833
20221014185840 20221003151443
20221014185940 20221016233641
20221014185940 20221009014200
20221014185940 20221003150634
20221014185940 20221003150635
20221014185940 20221003150633
20221014185940 20221003151443
20221014190040 20221016233505
20221014190040 20221016233318
20221014190040 20221003150463
20221014190040 20221003150465
20221014190040 20221003150464
20221014190040 20221003151443
20221014190140 20221016233415
20221014190140 20221016233512
20221014190140 20221003150189
20221014190140 20221003150188
20221014190140 20221003150190
20221014190140 20221003150191
20221014190140 20221003151443
20221016233540 20221016233542
20221016233540 20221014185707
20221016233540 20221014185826
20221016233540 20221014185539
20221016233540 20221014185751
20221016233540 20221014190051
20221016233540 20221014185918
20221016233540 20221014185603
20221016233540 20221014185619
20221016233540 20221016233538
20221016233740 20221016233742
20221016233740 20221014185450
20221016233740 20221014190105
20221016233740 20221016233739
20221018134040 20221006213311
20221018134040 20221006213414
20221018134040 20221016233338
20221026074040 20221009012547
20221026074040 20221008042814
20221026074040 20221007194303
20221026074040 20221015041944
20221026074040 20221009104752
20221026074040 20221026064448
