20221003150141 20221014190200
20221003150141 20221003150142
20221003150241 20221014190106
20221003150241 20221003150242
20221003150341 20221014190053
20221003150341 20221003151175
20221003150341 20221003150449
20221003150341 20221012153512
20221003150441 20221003151186
20221003150441 20221007220451
20221003150441 20221006215353
20221003150441 20221006213130
20221003150541 20221014190002
20221003150541 20221009005402
20221003150541 20221003150543
20221003150641 20221014185938
20221003150641 20221003150648
20221003150741 20221014185908
20221003150741 20221009005402
20221003150741 20221003150744
20221003150841 20221013222124
20221003150841 20221014185834
20221003150841 20221009005402
20221003150841 20221007062330
20221003150841 20221003150847
20221003150941 20221014190123
20221003150941 20221014185754
20221003150941 20221003150942
20221003151041 20221009005402
20221003151141 20221014185654
20221003151141 20221009005402
20221003151141 20221007220451
20221003151141 20221003151143
20221003151241 20221014185537
20221003151241 20221008213458
20221003151241 20221007220451
20221003151241 20221003151299
20221003151241 20221013173355
20221003151241 20221017172946
20221003151241 20221003150488
20221003151241 20221006025356
20221003151241 20221003150683
20221003151241 20221003150482
20221003151341 20221014190120
20221003151341 20221003151441
20221003151341 20221008070202
20221003151441 20221020185927
20221003151441 20221003151341
20221003151441 20221003151343
20221003151441 20221003151175
20221003151441 20221008024933
20221003151441 20221014213559
20221003151441 20221014185509
20221003151441 20221012102630
20221003151441 20221008212519
20221003151441 20221008070202
20221003151441 20221008052510
20221003151441 20221007043259
20221003151441 20221003151440
20221003151441 20221003151439
20221003151441 20221003151438
20221003151441 20221003151437
20221003151441 20221003151436
20221003151441 20221003151435
20221003151441 20221003151434
20221003151441 20221003151433
20221003151441 20221003151432
20221003151441 20221003151430
20221003151441 20221003151429
20221003151441 20221003151428
20221003151441 20221003151427
20221003151441 20221003151426
20221003151441 20221003151425
20221003151441 20221003151350
20221006153641 20221015041944
20221006153641 20221014073148
20221006153641 20221014071406
20221006153641 20221013035616
20221006153641 20221007192111
20221006153641 20221012134544
20221006153641 20221012102630
20221006153641 20221011193153
20221006153641 20221011153359
20221006153641 20221010184202
20221006153641 20221010182721
20221006153641 20221010182027
20221006153641 20221010161950
20221006153641 20221009211130
20221006153641 20221009183745
20221006153641 20221008214406
20221006153641 20221008063052
20221006153641 20221008054439
20221006153641 20221008042814
20221006153641 20221007194303
20221006153641 20221007193324
20221006153641 20221007182026
20221006153641 20221007175034
20221006153641 20221007043259
20221006153641 20221006033248
20221006153641 20221006013612
20221006153641 20221006013313
20221010180141 20221007044552
20221010180141 20221009012547
20221010180141 20221007194303
20221010180141 20221008061845
20221010180141 20221008182309
20221010180141 20221008221548
20221010180841 20221012065200
20221010180841 20221006073459
20221010180841 20221006033248
20221010180841 20221006213953
20221010180841 20221008050923
20221010180841 20221003150078
20221010180841 20221003150081
20221010180841 20221003150075
20221010180841 20221003150079
20221010180841 20221008212802
20221010180841 20221003150146
20221010180841 20221003150148
20221014181941 20221013035616
20221014181941 20221006213130
20221014181941 20221003151275
20221014181941 20221008215655
20221014181941 20221008215325
20221014181941 20221008212802
20221014181941 20221003151174
20221014181941 20221003151207
20221014181941 20221003151210
20221014181941 20221003150371
20221014185441 20221003151274
20221014185441 20221016233306
20221014185441 20221016233427
20221014185441 20221003151443
20221014185641 20221016233648
20221014185641 20221003151443
20221014185741 20221003150973
20221014185741 20221016233507
20221014185741 20221003151443
20221014185941 20221003150632
20221014185941 20221016233324
20221014185941 20221009014200
20221014185941 20221003151443
20221014190141 20221016233505
20221014190141 20221016233334
20221014190141 20221016233331
20221014190141 20221003150186
20221014190141 20221003150187
20221014190141 20221003150185
20221014190141 20221003151443
20221014190241 20221016233500
20221014190241 20221003151326
20221014190241 20221003151327
20221014190241 20221003151328
20221014190241 20221003151329
20221014190241 20221003151443
20221016233341 20221016233343
20221016233341 20221014185808
20221016233341 20221016233339
20221016233441 20221016233442
20221016233441 20221014185836
20221016233441 20221016233439
20221016233641 20221016233642
20221016233641 20221014190047
20221016233641 20221014185602
20221016233641 20221014185450
20221016233641 20221014185940
20221016233641 20221014185858
20221016233641 20221014185718
20221016233641 20221016233639
20221018133841 20221003151439
20221018133841 20221003151423
20221018133841 20221003151399
20221018133841 20221003150728
20221018133841 20221003150684
20221026133841 20221024210849
