20221003150142 20221014190200
20221003150142 20221003150143
20221003150142 20221003150141
20221003150242 20221003151237
20221003150242 20221003151247
20221003150242 20221003150420
20221003150242 20221020000848
20221003150242 20221014190106
20221003150242 20221003151203
20221003150242 20221014164014
20221003150242 20221003151193
20221003150242 20221003150257
20221003150242 20221003150347
20221003150242 20221003150335
20221003150242 20221003150361
20221003150242 20221003151202
20221003150242 20221003151199
20221003150242 20221003151196
20221003150242 20221003151195
20221003150242 20221003151168
20221003150242 20221003151164
20221003150242 20221008213825
20221003150242 20221003150241
20221003150242 20221007220451
20221003150342 20221014190051
20221003150342 20221003150343
20221003150442 20221003150357
20221003150442 20221003150438
20221003150442 20221009005402
20221003150442 20221007194303
20221003150442 20221009183745
20221003150542 20221014190002
20221003150542 20221009005402
20221003150542 20221003150543
20221003150642 20221014185938
20221003150642 20221007220451
20221003150642 20221003150648
20221003150642 20221003151368
20221003150742 20221014185908
20221003150742 20221009005402
20221003150742 20221003150744
20221003150842 20221014185834
20221003150842 20221003150847
20221003150942 20221003151363
20221003150942 20221014190123
20221003150942 20221015005745
20221003150942 20221015005557
20221003150942 20221003150946
20221003150942 20221014185754
20221003150942 20221003151339
20221003150942 20221009005402
20221003150942 20221003150941
20221003150942 20221003150940
20221003150942 20221005200242
20221003151042 20221014185718
20221003151042 20221003151045
20221003151142 20221014185654
20221003151142 20221009005402
20221003151142 20221007220451
20221003151142 20221003151143
20221003151242 20221013222124
20221003151242 20221014185536
20221003151242 20221003151243
20221003151342 20221003151354
20221003151342 20221003151134
20221003151342 20221003150486
20221003151342 20221014190119
20221003151342 20221003151343
20221003151442 20221014185512
20221003151442 20221015064621
20221003151442 20221015065151
20221003151442 20221013035616
20221003151442 20221012070318
20221003151442 20221003151443
20221005200242 20221013035124
20221005200242 20221007062330
20221005200242 20221007044552
20221005200242 20221006013612
20221005200242 20221003151438
20221005200242 20221003151403
20221005200242 20221003151394
20221005200242 20221003151362
20221005200242 20221003151361
20221005200242 20221003151356
20221005200242 20221003151343
20221005200242 20221003151299
20221005200242 20221003151289
20221005200242 20221003151288
20221005200242 20221003151286
20221005200242 20221003151281
20221005200242 20221003151280
20221005200242 20221003151267
20221005200242 20221003151257
20221005200242 20221003151256
20221005200242 20221003151254
20221005200242 20221003151253
20221005200242 20221003151249
20221005200242 20221003151247
20221005200242 20221003151244
20221005200242 20221003151214
20221005200242 20221003151193
20221005200242 20221003151152
20221005200242 20221003151146
20221005200242 20221003151144
20221005200242 20221003151143
20221005200242 20221003151126
20221005200242 20221003151124
20221005200242 20221003151115
20221005200242 20221003151110
20221005200242 20221003151108
20221005200242 20221003151101
20221005200242 20221003151099
20221005200242 20221003151094
20221005200242 20221003151089
20221005200242 20221003151073
20221005200242 20221003151072
20221005200242 20221003151070
20221005200242 20221003151067
20221005200242 20221003151066
20221005200242 20221003151057
20221005200242 20221003151052
20221005200242 20221003151050
20221005200242 20221003151048
20221005200242 20221003151047
20221005200242 20221003151045
20221005200242 20221003151039
20221005200242 20221003151037
20221005200242 20221003151034
20221005200242 20221003151028
20221005200242 20221003151010
20221005200242 20221003151008
20221005200242 20221003151004
20221005200242 20221003150983
20221005200242 20221003150953
20221005200242 20221003150949
20221005200242 20221003150946
20221005200242 20221003150942
20221005200242 20221003150907
20221005200242 20221003150901
20221005200242 20221003150890
20221005200242 20221003150884
20221005200242 20221003150876
20221005200242 20221003150873
20221005200242 20221003150866
20221005200242 20221003150865
20221005200242 20221003150862
20221005200242 20221003150859
20221005200242 20221003150857
20221005200242 20221003150855
20221005200242 20221003150851
20221005200242 20221003150833
20221005200242 20221003150829
20221005200242 20221003150822
20221005200242 20221003150819
20221005200242 20221003150816
20221005200242 20221003150815
20221005200242 20221003150807
20221005200242 20221003150801
20221005200242 20221003150796
20221005200242 20221003150794
20221005200242 20221003150791
20221005200242 20221003150780
20221005200242 20221003150777
20221005200242 20221003150776
20221005200242 20221003150775
20221005200242 20221003150771
20221005200242 20221003150766
20221005200242 20221003150765
20221005200242 20221003150757
20221005200242 20221003150755
20221005200242 20221003150750
20221005200242 20221003150730
20221005200242 20221003150720
20221005200242 20221003150716
20221005200242 20221003150714
20221005200242 20221003150709
20221005200242 20221003150694
20221005200242 20221003150693
20221005200242 20221003150692
20221005200242 20221003150691
20221005200242 20221003150690
20221005200242 20221003150689
20221005200242 20221003150683
20221005200242 20221003150671
20221005200242 20221003150662
20221005200242 20221003150659
20221005200242 20221003150651
20221005200242 20221003150650
20221005200242 20221003150648
20221005200242 20221003150646
20221005200242 20221003150638
20221005200242 20221003150635
20221005200242 20221003150634
20221005200242 20221003150630
20221005200242 20221003150629
20221005200242 20221003150625
20221005200242 20221003150623
20221005200242 20221003150620
20221005200242 20221003150614
20221005200242 20221003150594
20221005200242 20221003150592
20221005200242 20221003150584
20221005200242 20221003150553
20221005200242 20221003150548
20221005200242 20221003150545
20221005200242 20221003150543
20221005200242 20221003150539
20221005200242 20221003150537
20221005200242 20221003150535
20221005200242 20221003150529
20221005200242 20221003150525
20221005200242 20221003150522
20221005200242 20221003150517
20221005200242 20221003150512
20221005200242 20221003150511
20221005200242 20221003150509
20221005200242 20221003150508
20221005200242 20221003150507
20221005200242 20221003150503
20221005200242 20221003150491
20221005200242 20221003150490
20221005200242 20221003150488
20221005200242 20221003150476
20221005200242 20221003150475
20221005200242 20221003150469
20221005200242 20221003150454
20221005200242 20221003150453
20221005200242 20221003150452
20221005200242 20221003150448
20221005200242 20221003150433
20221005200242 20221003150429
20221005200242 20221003150424
20221005200242 20221003150423
20221005200242 20221003150422
20221005200242 20221003150421
20221005200242 20221003150419
20221005200242 20221003150391
20221005200242 20221003150389
20221005200242 20221003150388
20221005200242 20221003150387
20221005200242 20221003150386
20221005200242 20221025005842
20221005200242 20221021081636
20221005200242 20221030082715
20221006214142 20221019141821
20221006214142 20221006033248
20221006214142 20221011092959
20221006214142 20221011092421
20221006214142 20221009005402
20221006214142 20221006220044
20221006214142 20221006215353
20221006214142 20221006214729
20221006214142 20221006214348
20221006214142 20221006200018
20221006214142 20221006213953
20221006214142 20221027164646
20221010152742 20221006054727
20221010152742 20221003151383
20221010152742 20221008042814
20221010152742 20221009012547
20221010152742 20221008221548
20221010152742 20221007194303
20221010152742 20221008061845
20221010152742 20221008063052
20221011090542 20221008061845
20221011090542 20221003150098
20221011090542 20221006032546
20221012153342 20221012153643
20221012153342 20221003150458
20221012153342 20221003150210
20221014062642 20221014150222
20221014062642 20221013193405
20221014062642 20221003151443
20221014062642 20221008042814
20221014062642 20221006013612
20221014062642 20221009005402
20221014185542 20221003151238
20221014185542 20221016233507
20221014185542 20221013222124
20221014185542 20221003151443
20221014185742 20221003150972
20221014185742 20221016233507
20221014185742 20221003151443
20221014185842 20221003150831
20221014185842 20221016233419
20221014185842 20221009014200
20221014185842 20221003151443
20221014190042 20221016233512
20221014190042 20221003150460
20221014190042 20221003150462
20221014190042 20221003150461
20221014190042 20221003151443
20221014190242 20221003151325
20221014190242 20221016233427
20221014190242 20221016233256
20221014190242 20221003151443
20221016233442 20221016233444
20221016233442 20221014185805
20221016233442 20221016233441
20221016233542 20221016233544
20221016233542 20221014190158
20221016233542 20221014185713
20221016233542 20221014185602
20221016233542 20221014190037
20221016233542 20221014185600
20221016233542 20221014185917
20221016233542 20221014190056
20221016233542 20221014190039
20221016233542 20221016233540
20221016233642 20221016233644
20221016233642 20221014185602
20221016233642 20221014185450
20221016233642 20221014185509
20221016233642 20221014185619
20221016233642 20221014185813
20221016233642 20221014185600
20221016233642 20221014185754
20221016233642 20221014185718
20221016233642 20221014190005
20221016233642 20221016233641
20221016233742 20221014185450
20221016233742 20221014190233
20221016233742 20221016233740
20221025005842 20221013221136
20221025005842 20221005200242
20221025005842 20221006013612
20221025005842 20221008042814
