20221003150143 20221008213458
20221003150143 20221018152947
20221003150143 20221003150142
20221003150143 20221014190200
20221003150143 20221009005402
20221003150143 20221007043259
20221003150243 20221015010931
20221003150243 20221010182721
20221003150243 20221008221822
20221003150343 20221003150342
20221003150343 20221008213825
20221003150343 20221014190051
20221003150443 20221003150998
20221003150443 20221013171453
20221003150443 20221008195148
20221003150443 20221007194303
20221003150443 20221007193324
20221003150443 20221009183745
20221003150543 20221014190002
20221003150543 20221009005402
20221003150543 20221003150548
20221003150543 20221003150542
20221003150543 20221003150541
20221003150543 20221003150540
20221003150543 20221005200242
20221003150643 20221014185938
20221003150643 20221009005402
20221003150643 20221007220451
20221003150643 20221003150644
20221003150743 20221014185908
20221003150743 20221009005402
20221003150743 20221003150744
20221003150843 20221014185834
20221003150843 20221003150847
20221003150943 20221014185753
20221003150943 20221003150946
20221003151043 20221014185718
20221003151043 20221003151045
20221003151143 20221014185654
20221003151143 20221009005402
20221003151143 20221008005525
20221003151143 20221007220451
20221003151143 20221006213130
20221003151143 20221003151144
20221003151143 20221003151142
20221003151143 20221003151141
20221003151143 20221005200242
20221003151243 20221013222124
20221003151243 20221014185536
20221003151243 20221013175957
20221003151243 20221012153227
20221003151243 20221003151244
20221003151243 20221003151242
20221003151343 20221003151441
20221003151343 20221003151350
20221003151343 20221014190119
20221003151343 20221003151342
20221003151343 20221005200242
20221003151443 20221016233254
20221003151443 20221017030222
20221003151443 20221015020830
20221003151443 20221013222124
20221003151443 20221006013612
20221003151443 20221014191506
20221003151443 20221014185959
20221003151443 20221014185958
20221003151443 20221014185956
20221003151443 20221014185955
20221003151443 20221014185953
20221003151443 20221014185952
20221003151443 20221014185950
20221003151443 20221014185949
20221003151443 20221014185947
20221003151443 20221014185946
20221003151443 20221014185944
20221003151443 20221014185943
20221003151443 20221014185941
20221003151443 20221014185940
20221003151443 20221014185938
20221003151443 20221014185936
20221003151443 20221014185935
20221003151443 20221014185933
20221003151443 20221014185932
20221003151443 20221014185930
20221003151443 20221014185929
20221003151443 20221014185927
20221003151443 20221014185926
20221003151443 20221014185924
20221003151443 20221014185923
20221003151443 20221014185921
20221003151443 20221014185920
20221003151443 20221014185918
20221003151443 20221014185917
20221003151443 20221014185915
20221003151443 20221014185914
20221003151443 20221014185912
20221003151443 20221014185911
20221003151443 20221014185459
20221003151443 20221014185458
20221003151443 20221014185456
20221003151443 20221014185455
20221003151443 20221014185453
20221003151443 20221014185452
20221003151443 20221014185450
20221003151443 20221014185909
20221003151443 20221014185908
20221003151443 20221014185906
20221003151443 20221014185905
20221003151443 20221014185903
20221003151443 20221014185901
20221003151443 20221014185900
20221003151443 20221014185449
20221003151443 20221014185447
20221003151443 20221014185446
20221003151443 20221014185444
20221003151443 20221014185443
20221003151443 20221014185441
20221003151443 20221014185440
20221003151443 20221014190259
20221003151443 20221014190257
20221003151443 20221014190256
20221003151443 20221014190254
20221003151443 20221014190253
20221003151443 20221014190251
20221003151443 20221014190250
20221003151443 20221014190248
20221003151443 20221014190247
20221003151443 20221014190245
20221003151443 20221014190244
20221003151443 20221014190242
20221003151443 20221014190241
20221003151443 20221014190239
20221003151443 20221014190238
20221003151443 20221014190236
20221003151443 20221014190235
20221003151443 20221014190233
20221003151443 20221014190232
20221003151443 20221014190230
20221003151443 20221014190229
20221003151443 20221014190227
20221003151443 20221014190226
20221003151443 20221014190224
20221003151443 20221014190222
20221003151443 20221014190221
20221003151443 20221014190219
20221003151443 20221014190218
20221003151443 20221014190216
20221003151443 20221014190215
20221003151443 20221014190213
20221003151443 20221014190212
20221003151443 20221014190210
20221003151443 20221014190209
20221003151443 20221014190207
20221003151443 20221014190206
20221003151443 20221014190204
20221003151443 20221014190203
20221003151443 20221014190201
20221003151443 20221014190200
20221003151443 20221014185759
20221003151443 20221014185758
20221003151443 20221014185756
20221003151443 20221014185754
20221003151443 20221014185753
20221003151443 20221014185751
20221003151443 20221014185750
20221003151443 20221014185748
20221003151443 20221014185747
20221003151443 20221014185745
20221003151443 20221014185744
20221003151443 20221014185742
20221003151443 20221014185741
20221003151443 20221014185739
20221003151443 20221014185738
20221003151443 20221014185736
20221003151443 20221014185735
20221003151443 20221014185733
20221003151443 20221014185732
20221003151443 20221014185730
20221003151443 20221014185729
20221003151443 20221014185727
20221003151443 20221014185726
20221003151443 20221014185724
20221003151443 20221014185722
20221003151443 20221014185721
20221003151443 20221014185719
20221003151443 20221014185718
20221003151443 20221014185716
20221003151443 20221014185715
20221003151443 20221014185713
20221003151443 20221014185712
20221003151443 20221014185710
20221003151443 20221014185709
20221003151443 20221014185707
20221003151443 20221014185706
20221003151443 20221014185704
20221003151443 20221014185703
20221003151443 20221014185701
20221003151443 20221014185700
20221003151443 20221014190059
20221003151443 20221014190057
20221003151443 20221014190056
20221003151443 20221014190054
20221003151443 20221014190053
20221003151443 20221014190051
20221003151443 20221014190050
20221003151443 20221014190048
20221003151443 20221014190047
20221003151443 20221014190045
20221003151443 20221014190044
20221003151443 20221014190042
20221003151443 20221014190040
20221003151443 20221014190039
20221003151443 20221014190037
20221003151443 20221014190036
20221003151443 20221014190034
20221003151443 20221014190033
20221003151443 20221014190031
20221003151443 20221014190030
20221003151443 20221014190028
20221003151443 20221014190027
20221003151443 20221014190025
20221003151443 20221014190024
20221003151443 20221014190022
20221003151443 20221014190021
20221003151443 20221014190019
20221003151443 20221014190018
20221003151443 20221014190016
20221003151443 20221014190015
20221003151443 20221014190013
20221003151443 20221014190012
20221003151443 20221014190010
20221003151443 20221014190008
20221003151443 20221014190007
20221003151443 20221014190005
20221003151443 20221014190004
20221003151443 20221014190002
20221003151443 20221014190001
20221003151443 20221014185559
20221003151443 20221014185557
20221003151443 20221014185556
20221003151443 20221014185554
20221003151443 20221014185553
20221003151443 20221014185551
20221003151443 20221014185550
20221003151443 20221014185548
20221003151443 20221014185547
20221003151443 20221014185545
20221003151443 20221014185544
20221003151443 20221014185542
20221003151443 20221014185540
20221003151443 20221014185539
20221003151443 20221014185537
20221003151443 20221014185536
20221003151443 20221014185534
20221003151443 20221014185533
20221003151443 20221014185531
20221003151443 20221014185530
20221003151443 20221014185528
20221003151443 20221014185527
20221003151443 20221014185525
20221003151443 20221014185524
20221003151443 20221014185522
20221003151443 20221014185521
20221003151443 20221014185519
20221003151443 20221014185518
20221003151443 20221014185516
20221003151443 20221014185515
20221003151443 20221014185513
20221003151443 20221014185512
20221003151443 20221014185510
20221003151443 20221014185509
20221003151443 20221014185507
20221003151443 20221014185505
20221003151443 20221014185504
20221003151443 20221014185502
20221003151443 20221014185501
20221003151443 20221014190301
20221003151443 20221014185858
20221003151443 20221014185857
20221003151443 20221014185855
20221003151443 20221014185854
20221003151443 20221014185852
20221003151443 20221014185851
20221003151443 20221014185849
20221003151443 20221014185848
20221003151443 20221014185846
20221003151443 20221014185845
20221003151443 20221014185843
20221003151443 20221014185842
20221003151443 20221014185840
20221003151443 20221014185839
20221003151443 20221014185837
20221003151443 20221014185836
20221003151443 20221014185834
20221003151443 20221014185833
20221003151443 20221014185831
20221003151443 20221014185829
20221003151443 20221014185828
20221003151443 20221014185826
20221003151443 20221014185825
20221003151443 20221014185823
20221003151443 20221014185822
20221003151443 20221014185820
20221003151443 20221014185819
20221003151443 20221014185817
20221003151443 20221014185816
20221003151443 20221014185814
20221003151443 20221014185813
20221003151443 20221014185811
20221003151443 20221014185810
20221003151443 20221014185808
20221003151443 20221014185807
20221003151443 20221014185805
20221003151443 20221014185804
20221003151443 20221014185802
20221003151443 20221014185801
20221003151443 20221014190158
20221003151443 20221014190157
20221003151443 20221014190155
20221003151443 20221014190154
20221003151443 20221014190152
20221003151443 20221014190151
20221003151443 20221014190149
20221003151443 20221014190147
20221003151443 20221014190146
20221003151443 20221014190144
20221003151443 20221014190143
20221003151443 20221014190141
20221003151443 20221014190140
20221003151443 20221014190138
20221003151443 20221014190137
20221003151443 20221014190135
20221003151443 20221014190134
20221003151443 20221014190132
20221003151443 20221014190131
20221003151443 20221014190129
20221003151443 20221014190128
20221003151443 20221014190126
20221003151443 20221014190125
20221003151443 20221014190123
20221003151443 20221014190122
20221003151443 20221014190120
20221003151443 20221014190119
20221003151443 20221014190117
20221003151443 20221014190115
20221003151443 20221014190114
20221003151443 20221014190112
20221003151443 20221014190111
20221003151443 20221014190109
20221003151443 20221014190108
20221003151443 20221014190106
20221003151443 20221014190105
20221003151443 20221014190103
20221003151443 20221014190102
20221003151443 20221014190100
20221003151443 20221014185658
20221003151443 20221014185657
20221003151443 20221014185655
20221003151443 20221014185654
20221003151443 20221014185652
20221003151443 20221014185651
20221003151443 20221014185649
20221003151443 20221014185647
20221003151443 20221014185646
20221003151443 20221014185644
20221003151443 20221014185643
20221003151443 20221014185641
20221003151443 20221014185640
20221003151443 20221014185638
20221003151443 20221014185637
20221003151443 20221014185635
20221003151443 20221014185634
20221003151443 20221014185632
20221003151443 20221014185631
20221003151443 20221014185629
20221003151443 20221014185628
20221003151443 20221014185626
20221003151443 20221014185625
20221003151443 20221014185623
20221003151443 20221014185622
20221003151443 20221014185620
20221003151443 20221014185619
20221003151443 20221014185617
20221003151443 20221014185616
20221003151443 20221014185614
20221003151443 20221014185612
20221003151443 20221014185611
20221003151443 20221014185609
20221003151443 20221014185608
20221003151443 20221014185606
20221003151443 20221014185605
20221003151443 20221014185603
20221003151443 20221014185602
20221003151443 20221014185600
20221003151443 20221014183030
20221003151443 20221014062642
20221003151443 20221014150222
20221003151443 20221003151431
20221003151443 20221003151442
20221003151443 20221012212839
20221003151443 20221024131549
20221003151443 20221027134758
20221009015743 20221014201909
20221009015743 20221014081712
20221009015743 20221014071406
20221009015743 20221003151268
20221009015743 20221010142810
20221009015743 20221009021452
20221009015743 20221003151378
20221009015743 20221003151374
20221009015743 20221003151398
20221009015743 20221003151272
20221009015743 20221009015032
20221009015743 20221008214827
20221009015743 20221009014200
20221009015743 20221008215400
20221011094643 20221009172522
20221011094643 20221008042814
20221011094643 20221006033248
20221011145143 20221008215400
20221011145143 20221008212802
20221011145143 20221011145639
20221011145143 20221006032546
20221011145143 20221009172351
20221011145143 20221003151299
20221012145943 20221003150098
20221012153643 20221003150218
20221012153643 20221012153843
20221012153643 20221012153342
20221012153643 20221012153512
20221012153643 20221003150210
20221012153843 20221016233301
20221012153843 20221017080207
20221012153843 20221003150218
20221012153843 20221012154059
20221012153843 20221003150454
20221012153843 20221003150453
20221012153843 20221012153643
20221012153843 20221012152319
20221014153143 20221003151267
20221014153143 20221003151264
20221014153143 20221013021614
20221014153143 20221003150098
20221014153143 20221006084204
20221014185443 20221003151273
20221014185443 20221016233334
20221014185443 20221003151443
20221014185643 20221013035124
20221014185643 20221012221003
20221014185643 20221003151160
20221014185643 20221003151158
20221014185643 20221016233314
20221014185643 20221003151443
20221014185843 20221016233630
20221014185843 20221016233722
20221014185843 20221009014200
20221014185843 20221003150828
20221014185843 20221003150825
20221014185843 20221003150824
20221014185843 20221003150826
20221014185843 20221003150827
20221014185843 20221003150829
20221014185843 20221003150830
20221014185843 20221003151443
20221014185943 20221003150631
20221014185943 20221016233336
20221014185943 20221016233401
20221014185943 20221009014200
20221014185943 20221003151443
20221014190143 20221016233532
20221014190143 20221003150183
20221014190143 20221003150184
20221014190143 20221003151443
20221015014643 20221010074318
20221015014643 20221003151191
20221015014643 20221003151180
20221015014643 20221003151177
20221015014643 20221003151174
20221015014643 20221003150744
20221015014643 20221003150346
20221015014643 20221015015106
20221015014643 20221015015059
20221015014643 20221008061845
20221015014643 20221008042814
20221015014643 20221007220451
20221015014643 20221003151136
20221015014643 20221003150526
20221015014643 20221015012530
20221015014643 20221014074852
20221015014643 20221015011525
20221016233343 20221016233344
20221016233343 20221014185825
20221016233343 20221016233341
20221018020643 20221008042814
20221018020643 20221009104752
20221018183943 20221013171453
20221018183943 20221003151329
20221018183943 20221003151299
20221018183943 20221003151209
20221018183943 20221007220451
20221018183943 20221006035818
