20221003150144 20221014190158
20221003150144 20221003150150
20221003150244 20221014190105
20221003150244 20221007220451
20221003150244 20221003150245
20221003150244 20221024131549
20221003150344 20221014190050
20221003150344 20221009005402
20221003150344 20221003150346
20221003150444 20221003150445
20221003150444 20221010182721
20221003150444 20221010183037
20221003150444 20221009005402
20221003150444 20221007220451
20221003150444 20221007194303
20221003150444 20221007193324
20221003150444 20221006213130
20221003150444 20221009183745
20221003150544 20221014190002
20221003150544 20221009005402
20221003150544 20221003150545
20221003150644 20221003151194
20221003150644 20221014185938
20221003150644 20221003151016
20221003150644 20221003151202
20221003150644 20221007220451
20221003150644 20221003150648
20221003150644 20221003150643
20221003150744 20221003150807
20221003150744 20221003150743
20221003150744 20221003150742
20221003150744 20221003150741
20221003150744 20221003150740
20221003150744 20221017182053
20221003150744 20221015014643
20221003150744 20221014185908
20221003150744 20221003150347
20221003150744 20221009005402
20221003150844 20221014185834
20221003150844 20221003150847
20221003150944 20221018175658
20221003150944 20221014185753
20221003150944 20221009005402
20221003150944 20221003150946
20221003151044 20221014185718
20221003151044 20221003151045
20221003151144 20221008042814
20221003151144 20221014185654
20221003151144 20221003151207
20221003151144 20221006215623
20221003151144 20221003151147
20221003151144 20221003150967
20221003151144 20221003150254
20221003151144 20221003150352
20221003151144 20221003150357
20221003151144 20221003151218
20221003151144 20221003151203
20221003151144 20221003151201
20221003151144 20221011092959
20221003151144 20221009005402
20221003151144 20221009001740
20221003151144 20221008215530
20221003151144 20221007220451
20221003151144 20221006214729
20221003151144 20221003151143
20221003151144 20221003151140
20221003151144 20221003151139
20221003151144 20221003151138
20221003151144 20221003151137
20221003151144 20221003151136
20221003151144 20221003151135
20221003151144 20221003151134
20221003151144 20221003151130
20221003151144 20221003151129
20221003151144 20221003151127
20221003151144 20221005200242
20221003151244 20221003151261
20221003151244 20221013222124
20221003151244 20221014185536
20221003151244 20221013175957
20221003151244 20221003150357
20221003151244 20221013175128
20221003151244 20221009005402
20221003151244 20221003151243
20221003151244 20221005200242
20221003151344 20221003151350
20221003151344 20221014190117
20221006153444 20221012221003
20221006220044 20221006213414
20221006220044 20221006214142
20221006220044 20221006214348
20221006220044 20221006213130
20221006220044 20221006213311
20221006220044 20221006213953
20221006220044 20221006013612
20221006220044 20221009095853
20221012083444 20221013204452
20221012083444 20221013021614
20221012083444 20221008042814
20221012083444 20221011134623
20221012083444 20221007043646
20221012083444 20221008183326
20221012083444 20221006032546
20221012083444 20221006013313
20221012083444 20221008061845
20221012102144 20221015004120
20221012102144 20221013204452
20221012102144 20221013203732
20221012102144 20221009095853
20221012102144 20221013021614
20221012102144 20221012070318
20221012102144 20221006084204
20221012102144 20221006032546
20221012134544 20221012134856
20221012134544 20221009012547
20221012134544 20221006153641
20221012134544 20221007194303
20221012134544 20221008212802
20221012134544 20221006013313
20221014160244 20221014160551
20221014160244 20221011145037
20221014160244 20221012070318
20221014160244 20221008212802
20221014160244 20221006025356
20221014160244 20221003150080
20221014185444 20221003151272
20221014185444 20221016233427
20221014185444 20221016233254
20221014185444 20221003151443
20221014185544 20221003151237
20221014185544 20221016233507
20221014185544 20221013222124
20221014185544 20221003151443
20221014185644 20221003151157
20221014185644 20221003151156
20221014185644 20221016233535
20221014185644 20221016233318
20221014185644 20221016233427
20221014185644 20221003151443
20221014185744 20221003150971
20221014185744 20221016233507
20221014185744 20221003151443
20221014185944 20221016233651
20221014185944 20221016233655
20221014185944 20221016233700
20221014185944 20221009014200
20221014185944 20221003150630
20221014185944 20221003150628
20221014185944 20221003150625
20221014185944 20221003150624
20221014185944 20221003150626
20221014185944 20221003150629
20221014185944 20221003150627
20221014185944 20221003151443
20221014190044 20221003150459
20221014190044 20221016233512
20221014190044 20221009014200
20221014190044 20221003151443
20221014190144 20221016233505
20221014190144 20221016233324
20221014190144 20221016233323
20221014190144 20221016233618
20221014190144 20221003150179
20221014190144 20221003150181
20221014190144 20221003150182
20221014190144 20221003150180
20221014190144 20221003150178
20221014190144 20221003151443
20221014190244 20221016233732
20221014190244 20221003151323
20221014190244 20221003151324
20221014190244 20221003151443
20221015021344 20221013021614
20221015021344 20221006032933
20221015021344 20221009095853
20221015041944 20221009172522
20221015041944 20221008042814
20221015041944 20221008221548
20221015041944 20221007194303
20221015041944 20221008212802
20221015041944 20221006153641
20221015041944 20221006033248
20221015041944 20221006032546
20221015041944 20221006013313
20221015041944 20221026074040
20221016233344 20221016233346
20221016233344 20221014185921
20221016233344 20221014190034
20221016233344 20221016233343
20221016233444 20221016233446
20221016233444 20221014185927
20221016233444 20221016233442
20221016233544 20221016233545
20221016233544 20221014190158
20221016233544 20221016233542
20221016233644 20221016233646
20221016233644 20221014185619
20221016233644 20221014185924
20221016233644 20221014185834
20221016233644 20221014190056
20221016233644 20221014185450
20221016233644 20221014185600
20221016233644 20221016233642
20221030022644 20221003151264
20221030022644 20221006020303
20221030022644 20221014191506
20221030022644 20221008042814
20221030022644 20221012171100
