20221003150145 20221014190158
20221003150145 20221006185420
20221003150145 20221003150150
20221003150245 20221014190105
20221003150245 20221003150244
20221003150245 20221024131549
20221003150345 20221013222124
20221003150345 20221014190050
20221003150345 20221003150346
20221003150445 20221003150880
20221003150445 20221013171453
20221003150445 20221010182721
20221003150445 20221007194303
20221003150445 20221003151210
20221003150445 20221003151207
20221003150445 20221003150444
20221003150545 20221014190002
20221003150545 20221009005402
20221003150545 20221003150548
20221003150545 20221003150544
20221003150545 20221005200242
20221003150645 20221014185938
20221003150645 20221003150647
20221003150745 20221014185906
20221003150745 20221013192245
20221003150745 20221003151213
20221003150745 20221003150871
20221003150745 20221009005402
20221003150845 20221014185834
20221003150845 20221003150847
20221003150945 20221018175658
20221003150945 20221014185753
20221003150945 20221009005402
20221003150945 20221003150946
20221003151045 20221014185718
20221003151045 20221003151044
20221003151045 20221003151043
20221003151045 20221003151042
20221003151045 20221005200242
20221003151145 20221013222124
20221003151145 20221014185652
20221003151145 20221003151146
20221003151245 20221013222124
20221003151245 20221014185534
20221003151245 20221009005402
20221003151245 20221003151247
20221008061845 20221021182334
20221008061845 20221020183231
20221008061845 20221018190312
20221008061845 20221018155432
20221008061845 20221018052621
20221008061845 20221009012547
20221008061845 20221018050302
20221008061845 20221018042949
20221008061845 20221011085218
20221008061845 20221017091309
20221008061845 20221015172248
20221008061845 20221015050620
20221008061845 20221015014643
20221008061845 20221012090938
20221008061845 20221014222109
20221008061845 20221014213559
20221008061845 20221014154703
20221008061845 20221003151408
20221008061845 20221014073148
20221008061845 20221014072547
20221008061845 20221014071406
20221008061845 20221003150967
20221008061845 20221003150195
20221008061845 20221003150076
20221008061845 20221003150118
20221008061845 20221013180437
20221008061845 20221003150365
20221008061845 20221012144502
20221008061845 20221012095659
20221008061845 20221012093513
20221008061845 20221012083444
20221008061845 20221012065200
20221008061845 20221009192000
20221008061845 20221010161950
20221008061845 20221011193153
20221008061845 20221011155715
20221008061845 20221003151135
20221008061845 20221010152742
20221008061845 20221011090542
20221008061845 20221011075934
20221008061845 20221010222312
20221008061845 20221010180141
20221008061845 20221010074318
20221008061845 20221010071719
20221008061845 20221009171616
20221008061845 20221009014200
20221008061845 20221009013945
20221008061845 20221008214827
20221008061845 20221008190117
20221008061845 20221008214631
20221008061845 20221008070202
20221008061845 20221006204315
20221008061845 20221006213953
20221008061845 20221006025356
20221008061845 20221003150067
20221008061845 20221008042814
20221008061845 20221003150098
20221008061845 20221007044552
20221008061845 20221003151005
20221008061845 20221024213239
20221008061845 20221003150183
20221008061845 20221009162538
20221008061845 20221006051705
20221009013945 20221013222124
20221009013945 20221003150098
20221009013945 20221009014200
20221009013945 20221008214827
20221009013945 20221008061845
20221009013945 20221003150067
20221009013945 20221009104752
20221009183745 20221012102630
20221009183745 20221007043259
20221009183745 20221006020303
20221009183745 20221003150442
20221009183745 20221003150444
20221009183745 20221003150443
20221009183745 20221006153641
20221009183745 20221007194303
20221013192245 20221003150277
20221013192245 20221003151172
20221013192245 20221007220451
20221013192245 20221003150869
20221013192245 20221003150870
20221013192245 20221003150745
20221013192245 20221008215139
20221013192245 20221013185456
20221013192245 20221003150276
20221013192245 20221003151156
20221013192245 20221003151157
20221013192245 20221003150972
20221013192245 20221003150871
20221014185545 20221016233618
20221014185545 20221016233710
20221014185545 20221016233507
20221014185545 20221013222124
20221014185545 20221003151236
20221014185545 20221003151233
20221014185545 20221003151235
20221014185545 20221003151231
20221014185545 20221003151232
20221014185545 20221003151443
20221014185745 20221016233507
20221014185745 20221003150970
20221014185745 20221003150969
20221014185745 20221003151443
20221014185845 20221003150823
20221014185845 20221016233347
20221014185845 20221009014200
20221014185845 20221003151443
20221014190045 20221013171453
20221014190045 20221016233706
20221014190045 20221016233512
20221014190045 20221003150448
20221014190045 20221003150447
20221014190045 20221003150453
20221014190045 20221003150452
20221014190045 20221003150454
20221014190045 20221003150451
20221014190045 20221003151443
20221014190245 20221003151322
20221014190245 20221016233329
20221014190245 20221003151443
20221015005745 20221003150942
20221015005745 20221003150600
20221015005745 20221003151408
20221015005745 20221015065151
20221015005745 20221003151363
20221015005745 20221003150509
20221015005745 20221003150105
20221015005745 20221003150946
20221016233545 20221016233547
20221016233545 20221014185619
20221016233545 20221014185935
20221016233545 20221014185909
20221016233545 20221016233544
20221025045945 20221003151279
20221025045945 20221007194303
20221025045945 20221009172351
20221025045945 20221013171453
20221025045945 20221003150129
