20221003150146 20221013222124
20221003150146 20221014190158
20221003150146 20221010180841
20221003150146 20221007220451
20221003150146 20221003150147
20221003150246 20221014190105
20221003150246 20221003150247
20221003150246 20221024131549
20221003150246 20221008212802
20221003150246 20221008215325
20221003150346 20221003150805
20221003150346 20221003150345
20221003150346 20221003150344
20221003150346 20221003150823
20221003150346 20221003151174
20221003150346 20221003151210
20221003150346 20221009005402
20221003150346 20221003150249
20221003150346 20221015014643
20221003150346 20221014190050
20221003150446 20221013175128
20221003150446 20221009005402
20221003150546 20221014190002
20221003150546 20221009005402
20221003150546 20221003150547
20221003150646 20221014185938
20221003150646 20221003150647
20221003150646 20221005200242
20221003150746 20221019150132
20221003150746 20221014185905
20221003150746 20221003150425
20221003150746 20221007220451
20221003150746 20221003150748
20221003150846 20221014185834
20221003150846 20221009005402
20221003150846 20221003150847
20221003150946 20221003150942
20221003150946 20221015004120
20221003150946 20221015004252
20221003150946 20221015005557
20221003150946 20221015005745
20221003150946 20221015005535
20221003150946 20221014185753
20221003150946 20221003151408
20221003150946 20221014074726
20221003150946 20221003150315
20221003150946 20221003151221
20221003150946 20221003151339
20221003150946 20221009032056
20221003150946 20221009005402
20221003150946 20221008212519
20221003150946 20221008212000
20221003150946 20221007043259
20221003150946 20221007023939
20221003150946 20221003150945
20221003150946 20221003150944
20221003150946 20221003150943
20221003150946 20221005200242
20221003151046 20221014185718
20221003151046 20221003150365
20221003151046 20221003151048
20221003151146 20221013222124
20221003151146 20221014185652
20221003151146 20221003151148
20221003151146 20221003151145
20221003151146 20221005200242
20221003151246 20221013222124
20221003151246 20221014185534
20221003151246 20221009005402
20221003151246 20221003151247
20221006032546 20221022232030
20221006032546 20221021221931
20221006032546 20221014154934
20221006032546 20221013021614
20221006032546 20221013221136
20221006032546 20221008063052
20221006032546 20221006084204
20221006032546 20221014074318
20221006032546 20221014073148
20221006032546 20221013204452
20221006032546 20221013203732
20221006032546 20221014070023
20221006032546 20221009015032
20221006032546 20221020183231
20221006032546 20221011145143
20221006032546 20221018201513
20221006032546 20221016202237
20221006032546 20221015041944
20221006032546 20221014222109
20221006032546 20221014201909
20221006032546 20221014190239
20221006032546 20221006013612
20221006032546 20221006051705
20221006032546 20221014154703
20221006032546 20221013214821
20221006032546 20221013193405
20221006032546 20221007055535
20221006032546 20221011155715
20221006032546 20221010184202
20221006032546 20221009162948
20221006032546 20221006033248
20221006032546 20221007193634
20221006032546 20221007181438
20221006032546 20221006032933
20221006032546 20221007051119
20221006032546 20221007043646
20221006032546 20221007043259
20221006032546 20221006142610
20221006032546 20221012102630
20221006032546 20221012102820
20221006032546 20221012102144
20221006032546 20221012094712
20221006032546 20221012090359
20221006032546 20221012083444
20221006032546 20221007193324
20221006032546 20221012061227
20221006032546 20221011193153
20221006032546 20221011192157
20221006032546 20221011175709
20221006032546 20221011153359
20221006032546 20221011153230
20221006032546 20221011095447
20221006032546 20221011090542
20221006032546 20221009192000
20221006032546 20221009023024
20221006032546 20221010164408
20221006032546 20221010153630
20221006032546 20221008214406
20221006032546 20221009171616
20221006032546 20221009165318
20221006032546 20221009162538
20221006032546 20221008042814
20221006032546 20221009091132
20221006032546 20221008210746
20221006032546 20221008050923
20221006032546 20221007200304
20221006032546 20221006013313
20221006032546 20221006140520
20221006032546 20221007205652
20221006032546 20221009211130
20221006032546 20221012220453
20221006032546 20221012144502
20221006032546 20221007175034
20221006032546 20221024180316
20221006032546 20221024210849
20221006032546 20221025025810
20221006032546 20221025024238
20221006032546 20221025045053
20221006032546 20221026060602
20221006032546 20221026080325
20221006032546 20221026135114
20221006032546 20221026182432
20221006032546 20221027011800
20221006032546 20221028032005
20221006032546 20221028033132
20221006032546 20221028021608
20221006032546 20221014025416
20221006034046 20221006013313
20221006034046 20221003151278
20221006034046 20221003151277
20221006034046 20221003150210
20221007043646 20221021182334
20221007043646 20221012090359
20221007043646 20221009104752
20221007043646 20221014073148
20221007043646 20221014072547
20221007043646 20221014070023
20221007043646 20221014023054
20221007043646 20221013180437
20221007043646 20221008042814
20221007043646 20221007192111
20221007043646 20221012095659
20221007043646 20221012090938
20221007043646 20221012083444
20221007043646 20221008183326
20221007043646 20221011193153
20221007043646 20221010184202
20221007043646 20221007043259
20221007043646 20221009192000
20221007043646 20221008214406
20221007043646 20221008050923
20221007043646 20221008052510
20221007043646 20221006013612
20221007043646 20221007175034
20221007043646 20221003151267
20221007043646 20221006084204
20221007043646 20221006032933
20221007043646 20221003151350
20221007043646 20221003151299
20221007043646 20221003151424
20221007043646 20221006032546
20221007043646 20221006013313
20221007043646 20221026181955
20221007043646 20221010183037
20221008210746 20221006032546
20221008210746 20221003151267
20221011093146 20221011092421
20221011093146 20221007220451
20221011093146 20221008042814
20221011093146 20221006033248
20221011093146 20221006213953
20221014185446 20221016233254
20221014185446 20221016233505
20221014185446 20221016233324
20221014185446 20221003151270
20221014185446 20221003151269
20221014185446 20221003151271
20221014185446 20221003151443
20221014185646 20221003151156
20221014185646 20221016233318
20221014185646 20221003151443
20221014185846 20221016233505
20221014185846 20221016233323
20221014185846 20221009014200
20221014185846 20221003150821
20221014185846 20221003150820
20221014185846 20221003150822
20221014185846 20221003151443
20221014185946 20221016233507
20221014185946 20221009014200
20221014185946 20221003150615
20221014185946 20221003150617
20221014185946 20221003150623
20221014185946 20221003150616
20221014185946 20221003150619
20221014185946 20221003150620
20221014185946 20221003150622
20221014185946 20221003150618
20221014185946 20221003150621
20221014185946 20221003151443
20221014190146 20221016233331
20221014190146 20221009014200
20221014190146 20221003150175
20221014190146 20221003150176
20221014190146 20221003151443
20221016233346 20221016233347
20221016233346 20221014185814
20221016233346 20221016233344
20221016233446 20221016233447
20221016233446 20221014190037
20221016233446 20221014190030
20221016233446 20221014190025
20221016233446 20221014190034
20221016233446 20221014190031
20221016233446 20221014190033
20221016233446 20221014190027
20221016233446 20221016233444
20221016233646 20221016233648
20221016233646 20221014190126
20221016233646 20221014185712
20221016233646 20221014190048
20221016233646 20221014185629
20221016233646 20221014190037
20221016233646 20221016233644
20221017172946 20221003151241
20221017172946 20221003150717
20221017172946 20221003151172
20221017172946 20221007220451
20221017172946 20221003150833
20221017172946 20221003150716
20221017172946 20221003150711
20221017172946 20221003150662
20221017172946 20221003150294
20221017172946 20221003150225
20221017172946 20221003150222
20221021071146 20221014215609
20221021071146 20221006013612
20221021071146 20221017173622
20221024082446 20221024080719
20221024082446 20221003150075
20221024082446 20221003150079
20221024082446 20221010222312
20221024082446 20221003150076
20221025221046 20221006214729
20221025221046 20221007220451
20221025221046 20221003151048
20221025221046 20221003150318
20221025221046 20221003150321
20221025221046 20221003150320
20221025221046 20221003150319
20221025221046 20221003150317
20221025221046 20221025221321
20221025221046 20221003150326
20221027164646 20221014071406
20221027164646 20221006214142
20221027164646 20221007220451
