20221003150147 20221013222124
20221003150147 20221014190158
20221003150147 20221003150150
20221003150147 20221003150146
20221003150247 20221014190105
20221003150247 20221003150246
20221003150247 20221024131549
20221003150247 20221008215325
20221003150247 20221008212802
20221003150247 20221008215655
20221003150347 20221007220451
20221003150347 20221003150744
20221003150347 20221003150242
20221003150447 20221014190045
20221003150447 20221003150448
20221003150547 20221014190002
20221003150547 20221009005402
20221003150547 20221003150548
20221003150547 20221003150546
20221003150647 20221014185938
20221003150647 20221003150648
20221003150647 20221003150646
20221003150647 20221003150645
20221003150647 20221003151368
20221003150747 20221019150132
20221003150747 20221003150748
20221003150747 20221003150425
20221003150747 20221014185905
20221003150847 20221003150846
20221003150847 20221003150840
20221003150847 20221003150550
20221003150847 20221003150839
20221003150847 20221003150845
20221003150847 20221003150844
20221003150847 20221003150843
20221003150847 20221003150842
20221003150847 20221003150841
20221003150847 20221017180938
20221003150847 20221014185834
20221003150947 20221014185751
20221003150947 20221003150948
20221003151047 20221014185718
20221003151047 20221003151048
20221003151047 20221005200242
20221003151047 20221003150381
20221003151147 20221014185652
20221003151147 20221011183500
20221003151147 20221008215655
20221003151147 20221006213414
20221003151147 20221003151144
20221003151147 20221003150967
20221003151147 20221003150677
20221003151147 20221003151148
20221003151247 20221003150242
20221003151247 20221013222124
20221003151247 20221014185534
20221003151247 20221003151246
20221003151247 20221003151245
20221003151247 20221005200242
20221009012547 20221008061845
20221009012547 20221014142356
20221009012547 20221012144502
20221009012547 20221012134544
20221009012547 20221012061227
20221009012547 20221011193153
20221009012547 20221010184202
20221009012547 20221010182027
20221009012547 20221010180141
20221009012547 20221010161950
20221009012547 20221010152742
20221009012547 20221008214827
20221009012547 20221003150798
20221009012547 20221003150067
20221009012547 20221003151299
20221009012547 20221007194303
20221009012547 20221026074040
20221009012547 20221028185008
20221011095447 20221006084204
20221011095447 20221006032546
20221011095447 20221008042814
20221011181347 20221011184954
20221011181347 20221009192000
20221011181347 20221011183500
20221011181347 20221011181920
20221011181347 20221011182140
20221011181347 20221011181531
20221011181347 20221011182350
20221011181347 20221011181629
20221011181347 20221011181704
20221011181347 20221011182459
20221011181347 20221011181453
20221011181347 20221011181605
20221011181347 20221011182254
20221011181347 20221011182016
20221011181347 20221011181820
20221011181347 20221011134623
20221012135747 20221003150176
20221012135747 20221003150174
20221012135747 20221014074852
20221012135747 20221006025356
20221012135747 20221003150175
20221012135747 20221006010531
20221012135747 20221003150071
20221012135747 20221003150067
20221012135747 20221012135301
20221014072547 20221008183326
20221014072547 20221008061845
20221014072547 20221007043646
20221014072547 20221008214406
20221014185447 20221003151268
20221014185447 20221016233427
20221014185447 20221016233256
20221014185447 20221003151443
20221014185547 20221016233507
20221014185547 20221013222124
20221014185547 20221003151228
20221014185547 20221003151229
20221014185547 20221003151230
20221014185547 20221003151443
20221014185647 20221016233510
20221014185647 20221003151154
20221014185647 20221003151155
20221014185647 20221003151443
20221014185747 20221003150968
20221014185747 20221016233507
20221014185747 20221003151443
20221014185947 20221016233439
20221014185947 20221016233431
20221014185947 20221016233429
20221014185947 20221016233529
20221014185947 20221016233507
20221014185947 20221009014200
20221014185947 20221003150611
20221014185947 20221003150612
20221014185947 20221003150613
20221014185947 20221003150608
20221014185947 20221003150609
20221014185947 20221003150610
20221014185947 20221003150607
20221014185947 20221003150614
20221014185947 20221003150606
20221014185947 20221003150605
20221014185947 20221003151443
20221014190047 20221006013612
20221014190047 20221016233648
20221014190047 20221016233623
20221014190047 20221016233739
20221014190047 20221016233734
20221014190047 20221016233716
20221014190047 20221016233708
20221014190047 20221016233525
20221014190047 20221016233512
20221014190047 20221016233658
20221014190047 20221016233653
20221014190047 20221016233650
20221014190047 20221016233641
20221014190047 20221016233627
20221014190047 20221016233616
20221014190047 20221016233603
20221014190047 20221016233601
20221014190047 20221003150369
20221014190047 20221003150423
20221014190047 20221003150374
20221014190047 20221003150380
20221014190047 20221003150355
20221014190047 20221003150391
20221014190047 20221003150432
20221014190047 20221003150375
20221014190047 20221003150427
20221014190047 20221003150376
20221014190047 20221003150363
20221014190047 20221003150390
20221014190047 20221003150428
20221014190047 20221003150430
20221014190047 20221003150387
20221014190047 20221003150373
20221014190047 20221003150422
20221014190047 20221003150425
20221014190047 20221003150388
20221014190047 20221003150364
20221014190047 20221003150359
20221014190047 20221003150368
20221014190047 20221003150377
20221014190047 20221003150389
20221014190047 20221003150360
20221014190047 20221003150419
20221014190047 20221003150384
20221014190047 20221003150392
20221014190047 20221003150433
20221014190047 20221003150385
20221014190047 20221003150354
20221014190047 20221003150381
20221014190047 20221003150424
20221014190047 20221003150370
20221014190047 20221003150429
20221014190047 20221003150367
20221014190047 20221003150386
20221014190047 20221003150371
20221014190047 20221003150362
20221014190047 20221003150421
20221014190047 20221003150431
20221014190047 20221003151443
20221014190147 20221016233716
20221014190147 20221016233635
20221014190147 20221003150173
20221014190147 20221003150174
20221014190147 20221003150172
20221014190147 20221003151443
20221014190247 20221016233535
20221014190247 20221016233359
20221014190247 20221003151320
20221014190247 20221003151319
20221014190247 20221003151321
20221014190247 20221003151443
20221016233347 20221016233349
20221016233347 20221014185845
20221016233347 20221014190034
20221016233347 20221014185819
20221016233347 20221014185822
20221016233347 20221016233346
20221016233447 20221016233449
20221016233447 20221014190119
20221016233447 20221016233446
20221016233547 20221016233549
20221016233547 20221014185952
20221016233547 20221014185619
20221016233547 20221016233545
20221018152947 20221018152638
20221018152947 20221018152809
20221018152947 20221003150143
