20221003150148 20221015064621
20221003150148 20221014190158
20221003150148 20221010180841
20221003150148 20221003150150
20221003150248 20221013184806
20221003150248 20221012152421
20221003150248 20221012152319
20221003150248 20221008221548
20221003150248 20221008212000
20221003150248 20221003151153
20221003150348 20221007062330
20221003150348 20221003150673
20221003150348 20221014190048
20221003150348 20221003150350
20221003150448 20221014190045
20221003150448 20221003150447
20221003150448 20221005200242
20221003150548 20221014190002
20221003150548 20221013175128
20221003150548 20221009005402
20221003150548 20221003150547
20221003150548 20221003150545
20221003150548 20221003150543
20221003150548 20221003150539
20221003150548 20221005200242
20221003150648 20221017180938
20221003150648 20221014185938
20221003150648 20221003151016
20221003150648 20221003151258
20221003150648 20221003150117
20221003150648 20221003150647
20221003150648 20221003150644
20221003150648 20221003150642
20221003150648 20221003150641
20221003150648 20221003150640
20221003150648 20221003150639
20221003150648 20221003150638
20221003150648 20221003150636
20221003150648 20221005200242
20221003150648 20221003151368
20221003150748 20221019150132
20221003150748 20221014185905
20221003150748 20221006215623
20221003150748 20221003150425
20221003150748 20221003150422
20221003150748 20221009014200
20221003150748 20221003150600
20221003150748 20221007220451
20221003150748 20221003150747
20221003150748 20221003150746
20221003150948 20221014185751
20221003150948 20221007062330
20221003150948 20221003150949
20221003150948 20221003150947
20221003151048 20221014185718
20221003151048 20221003151047
20221003151048 20221003151046
20221003151048 20221005200242
20221003151048 20221025221046
20221003151048 20221003150381
20221003151148 20221014185652
20221003151148 20221003151147
20221003151148 20221003151146
20221003151248 20221013222124
20221003151248 20221014185533
20221003151248 20221013194055
20221003151248 20221003151250
20221003151348 20221003151350
20221003151348 20221014190117
20221006033248 20221003150651
20221006033248 20221018182017
20221006033248 20221015041944
20221006033248 20221014205906
20221006033248 20221008214935
20221006033248 20221014074318
20221006033248 20221014074726
20221006033248 20221014073148
20221006033248 20221006214142
20221006033248 20221008214406
20221006033248 20221006035818
20221006033248 20221008181850
20221006033248 20221011193153
20221006033248 20221011094643
20221006033248 20221011093146
20221006033248 20221011075934
20221006033248 20221010180841
20221006033248 20221006073459
20221006033248 20221006032546
20221006033248 20221006013313
20221006033248 20221006153641
20221006033248 20221007043259
20221006033248 20221006191703
20221006033248 20221006145626
20221006033248 20221006063114
20221006033248 20221007205652
20221006033248 20221010183037
20221006033248 20221027194304
20221006033248 20221028161058
20221006033248 20221028194014
20221006033248 20221028195517
20221006214348 20221016233409
20221006214348 20221016233402
20221006214348 20221016233352
20221006214348 20221016233338
20221006214348 20221015004120
20221006214348 20221003150271
20221006214348 20221003150256
20221006214348 20221003150253
20221006214348 20221009005402
20221006214348 20221006220044
20221006214348 20221006215623
20221006214348 20221006215353
20221006214348 20221006213953
20221006214348 20221003151155
20221006214348 20221006025356
20221006214348 20221003150067
20221006214348 20221006213311
20221006214348 20221006214142
20221008194048 20221013174958
20221008194048 20221003150366
20221008194048 20221009005402
20221008194048 20221007220451
20221008194048 20221003151153
20221008194048 20221003150354
20221008194048 20221003151104
20221008194048 20221003150355
20221008194048 20221003150921
20221008194048 20221003151105
20221008194048 20221003151106
20221008194048 20221003150934
20221008194048 20221003151083
20221008195148 20221009095853
20221008195148 20221010064819
20221008195148 20221003151350
20221008195148 20221003150798
20221008195148 20221007194303
20221008195148 20221003150443
20221008195148 20221007220451
20221008195148 20221006025356
20221008195148 20221006025730
20221008195148 20221003150238
20221008195148 20221003150237
20221008195148 20221003150234
20221008195148 20221003150235
20221008195148 20221003150662
20221008195148 20221003151014
20221008195148 20221003151007
20221008221548 20221003150462
20221008221548 20221003151325
20221008221548 20221015041944
20221008221548 20221015005249
20221008221548 20221015005535
20221008221548 20221015004916
20221008221548 20221014071406
20221008221548 20221003150248
20221008221548 20221003150315
20221008221548 20221013180125
20221008221548 20221003150438
20221008221548 20221003150436
20221008221548 20221003150549
20221008221548 20221012153019
20221008221548 20221012152319
20221008221548 20221012153227
20221008221548 20221012095659
20221008221548 20221012082959
20221008221548 20221012070836
20221008221548 20221006213130
20221008221548 20221003150289
20221008221548 20221007220451
20221008221548 20221003150288
20221008221548 20221003151153
20221008221548 20221003151058
20221008221548 20221010175613
20221008221548 20221010180141
20221008221548 20221010152742
20221008221548 20221010150900
20221008221548 20221010064819
20221008221548 20221009032056
20221008221548 20221008221940
20221008221548 20221008221822
20221008221548 20221008213825
20221008221548 20221003151188
20221008221548 20221003151193
20221009162948 20221013222124
20221009162948 20221003150076
20221009162948 20221011075934
20221009162948 20221008024933
20221009162948 20221010074318
20221009162948 20221008214406
20221009162948 20221003150177
20221009162948 20221008214827
20221009162948 20221006013313
20221009162948 20221006032546
20221009162948 20221008214631
20221011175948 20221008212802
20221011175948 20221011175709
20221014073148 20221014074318
20221014073148 20221007043646
20221014073148 20221006033248
20221014073148 20221010222312
20221014073148 20221008061845
20221014073148 20221010184202
20221014073148 20221009172522
20221014073148 20221008215400
20221014073148 20221008213254
20221014073148 20221007194303
20221014073148 20221007193324
20221014073148 20221006153641
20221014073148 20221006032546
20221014073148 20221006013612
20221014073148 20221003151299
20221014073148 20221003151267
20221014073148 20221003150798
20221014073148 20221003150067
20221014073148 20221008214406
20221014185548 20221003151227
20221014185548 20221016233507
20221014185548 20221013222124
20221014185548 20221003151443
20221014185748 20221016233554
20221014185748 20221003151443
20221014185848 20221016233502
20221014185848 20221009014200
20221014185848 20221003150813
20221014185848 20221003150818
20221014185848 20221003150817
20221014185848 20221003150816
20221014185848 20221003150814
20221014185848 20221003150819
20221014185848 20221003150815
20221014185848 20221003151443
20221014190048 20221016233512
20221014190048 20221016233646
20221014190048 20221003150348
20221014190048 20221003150349
20221014190048 20221003150350
20221014190048 20221003151443
20221014190248 20221016233727
20221014190248 20221003151318
20221014190248 20221003151317
20221014190248 20221003151443
20221015172248 20221009095853
20221015172248 20221012090938
20221015172248 20221012101349
20221015172248 20221003150350
20221015172248 20221016161034
20221015172248 20221015173433
20221015172248 20221008061845
20221015172248 20221007062330
20221016233648 20221016233650
20221016233648 20221014185623
20221016233648 20221014185603
20221016233648 20221014185600
20221016233648 20221014185719
20221016233648 20221014185612
20221016233648 20221014185641
20221016233648 20221014190047
20221016233648 20221014185855
20221016233648 20221014185927
20221016233648 20221014185450
20221016233648 20221014185710
20221016233648 20221014185701
20221016233648 20221014185602
20221016233648 20221014185629
20221016233648 20221014190039
20221016233648 20221014185655
20221016233648 20221016233646
20221020000848 20221003150079
20221020000848 20221003150242
20221020000848 20221012070318
20221020000848 20221017180938
20221020000848 20221008212802
20221020000848 20221013174958
20221020000848 20221009014200
20221020000848 20221003150862
20221020000848 20221003150859
20221020000848 20221003150856
20221020000848 20221003150857
20221020000848 20221003150858
20221020000848 20221003150860
20221020000848 20221003150861
20221020000848 20221003150118
20221026064448 20221007043259
20221026064448 20221016202237
20221026064448 20221021081636
20221026064448 20221012094712
20221026064448 20221009095853
20221026064448 20221026074040
20221026064448 20221026152737
20221026064448 20221012171100
