20221003150149 20221014190158
20221003150149 20221003150150
20221003150249 20221003150346
20221003150249 20221014190105
20221003150249 20221007043259
20221003150249 20221003150250
20221003150249 20221024131549
20221003150349 20221014190048
20221003150349 20221003150350
20221003150449 20221013171453
20221003150449 20221012153512
20221003150449 20221008212802
20221003150449 20221007220451
20221003150449 20221003151039
20221003150449 20221003150439
20221003150449 20221003150371
20221003150449 20221003150341
20221003150549 20221014190001
20221003150549 20221008221548
20221003150549 20221007220451
20221003150549 20221003150966
20221003150549 20221003150953
20221003150649 20221014185936
20221003150649 20221003150650
20221003150749 20221019150132
20221003150749 20221014185905
20221003150749 20221009005402
20221003150749 20221003150750
20221003150849 20221003151188
20221003150849 20221003151184
20221003150849 20221014185833
20221003150849 20221009005402
20221003150949 20221013222124
20221003150949 20221014185751
20221003150949 20221007062330
20221003150949 20221003150948
20221003150949 20221005200242
20221003151049 20221014185718
20221003151049 20221009005402
20221003151049 20221003151050
20221003151149 20221003150819
20221003151149 20221014185651
20221003151149 20221003151150
20221003151249 20221013222124
20221003151249 20221014185533
20221003151249 20221013194055
20221003151249 20221003151250
20221003151249 20221005200242
20221006010149 20221007175034
20221006010149 20221006010531
20221006213649 20221003151238
20221006213649 20221012152319
20221006213649 20221011145037
20221006213649 20221009005402
20221006213649 20221009001740
20221006213649 20221006215135
20221006213649 20221006214729
20221006213649 20221006213130
20221006213649 20221006213414
20221012101349 20221015172248
20221012101349 20221003151268
20221012101349 20221007193324
20221012101349 20221012090938
20221012101349 20221006025356
20221012101349 20221008213458
20221014185449 20221016233525
20221014185449 20221003150094
20221014185449 20221003150084
20221014185449 20221003150083
20221014185449 20221003150095
20221014185449 20221003150088
20221014185449 20221003150090
20221014185449 20221003150089
20221014185449 20221003150087
20221014185449 20221003150086
20221014185449 20221003150082
20221014185449 20221003150092
20221014185449 20221003150093
20221014185449 20221003150091
20221014185449 20221003150085
20221014185449 20221003151443
20221014185649 20221003151153
20221014185649 20221016233507
20221014185649 20221003151443
20221014185849 20221016233412
20221014185849 20221016233404
20221014185849 20221016233402
20221014185849 20221016233522
20221014185849 20221016233505
20221014185849 20221009014200
20221014185849 20221003150811
20221014185849 20221003150809
20221014185849 20221003150812
20221014185849 20221003150810
20221014185849 20221003150808
20221014185849 20221003151443
20221014185949 20221016233507
20221014185949 20221009014200
20221014185949 20221013222124
20221014185949 20221003150602
20221014185949 20221003150603
20221014185949 20221003150604
20221014185949 20221003150601
20221014185949 20221003151443
20221014190149 20221016233737
20221014190149 20221016233720
20221014190149 20221003150171
20221014190149 20221003150170
20221014190149 20221003150169
20221014190149 20221003151443
20221015005249 20221008221548
20221015005249 20221008212802
20221015005249 20221003150798
20221015005249 20221015005218
20221016233349 20221016233351
20221016233349 20221014185808
20221016233349 20221016233347
20221016233449 20221016233451
20221016233449 20221014185905
20221016233449 20221014185837
20221016233449 20221014185655
20221016233449 20221014185829
20221016233449 20221014185459
20221016233449 20221016233447
20221016233549 20221016233551
20221016233549 20221014185950
20221016233549 20221014185808
20221016233549 20221014185619
20221016233549 20221014190105
20221016233549 20221014190054
20221016233549 20221014190056
20221016233549 20221014185820
20221016233549 20221014185917
20221016233549 20221014185855
20221016233549 20221014185617
20221016233549 20221014185938
20221016233549 20221014185921
20221016233549 20221016233547
20221018042949 20221018155432
20221018042949 20221013222124
20221018042949 20221008061845
20221018042949 20221006025356
20221018042949 20221012093513
20221018042949 20221012090938
20221024131549 20221003150267
20221024131549 20221003150259
20221024131549 20221003150264
20221024131549 20221003150245
20221024131549 20221003150246
20221024131549 20221003150265
20221024131549 20221003150262
20221024131549 20221003150269
20221024131549 20221003150250
20221024131549 20221003150270
20221024131549 20221003150261
20221024131549 20221003150249
20221024131549 20221003150263
20221024131549 20221003150268
20221024131549 20221003150244
20221024131549 20221003150258
20221024131549 20221003150247
20221024131549 20221003151443
20221024131549 20221014190105
20221024210849 20221006032546
20221024210849 20221026133841
20221024210849 20221009095853
20221024210849 20221026135114
