20221003150150 20221014190158
20221003150150 20221003150154
20221003150150 20221003150149
20221003150150 20221003150148
20221003150150 20221003150147
20221003150150 20221003150145
20221003150150 20221003150144
20221003150250 20221014190105
20221003150250 20221003150291
20221003150250 20221003151201
20221003150250 20221008212802
20221003150250 20221003150249
20221003150250 20221024131549
20221003150350 20221016161034
20221003150350 20221013222124
20221003150350 20221003150349
20221003150350 20221003150348
20221003150350 20221015172248
20221003150350 20221014190048
20221003150350 20221007062330
20221003150450 20221003151191
20221003150450 20221013185120
20221003150450 20221013171453
20221003150450 20221008221822
20221003150450 20221003150102
20221003150450 20221007220451
20221003150550 20221014190001
20221003150550 20221013173355
20221003150550 20221003151195
20221003150550 20221003151129
20221003150550 20221003150847
20221003150550 20221003150840
20221003150550 20221003150134
20221003150650 20221014185936
20221003150650 20221003150651
20221003150650 20221003150649
20221003150650 20221005200242
20221003150750 20221019150132
20221003150750 20221014185905
20221003150750 20221003150425
20221003150750 20221009005402
20221003150750 20221003150749
20221003150750 20221005200242
20221003150850 20221014185831
20221003150850 20221003150851
20221003150950 20221014185750
20221003150950 20221003150966
20221003151050 20221014185718
20221003151050 20221003151049
20221003151050 20221005200242
20221003151150 20221003151200
20221003151150 20221014185651
20221003151150 20221003151152
20221003151150 20221003151149
20221003151250 20221007220451
20221003151250 20221006213130
20221003151250 20221003151248
20221003151250 20221013222124
20221003151250 20221013194055
20221003151250 20221003151249
20221003151250 20221014185533
20221003151350 20221003151348
20221003151350 20221003151344
20221003151350 20221003151343
20221003151350 20221018201513
20221003151350 20221014213559
20221003151350 20221014190117
20221003151350 20221014160551
20221003151350 20221014142356
20221003151350 20221014074318
20221003151350 20221008195148
20221003151350 20221008212519
20221003151350 20221008081231
20221003151350 20221008024933
20221003151350 20221007220451
20221003151350 20221007043646
20221003151350 20221006191703
20221003151350 20221004212452
20221003151350 20221003151329
20221003151350 20221003151332
20221003151350 20221003151338
20221003151350 20221003151424
20221003151350 20221003151441
20221003151350 20221027150053
20221008181850 20221014205906
20221008181850 20221012070318
20221008181850 20221009095853
20221008181850 20221008214935
20221008181850 20221008210209
20221008181850 20221006213953
20221008181850 20221006033248
20221010161950 20221003150098
20221010161950 20221006051705
20221010161950 20221008061845
20221010161950 20221006032933
20221010161950 20221003150998
20221010161950 20221003151006
20221010161950 20221006153641
20221010161950 20221009012547
20221010161950 20221007193324
20221010161950 20221007194303
20221010161950 20221006084204
20221011182350 20221012153227
20221011182350 20221011182254
20221011182350 20221011182140
20221011182350 20221011181531
20221011182350 20221011181920
20221011182350 20221011182459
20221011182350 20221011181347
20221014155450 20221006214729
20221014155450 20221008210209
20221014185450 20221020185927
20221014185450 20221016233720
20221014185450 20221016233703
20221014185450 20221016233648
20221014185450 20221016233641
20221014185450 20221016233635
20221014185450 20221016233742
20221014185450 20221016233740
20221014185450 20221016233739
20221014185450 20221016233737
20221014185450 20221016233727
20221014185450 20221016233706
20221014185450 20221016233556
20221014185450 20221016233535
20221014185450 20221016233520
20221014185450 20221016233518
20221014185450 20221016233505
20221014185450 20221016233658
20221014185450 20221016233644
20221014185450 20221016233642
20221014185450 20221016233639
20221014185450 20221016233637
20221014185450 20221016233623
20221014185450 20221016233621
20221014185450 20221016233618
20221014185450 20221016233609
20221014185450 20221016233451
20221014185450 20221014213559
20221014185450 20221003151372
20221014185450 20221003151375
20221014185450 20221003151404
20221014185450 20221003151391
20221014185450 20221003151410
20221014185450 20221003151365
20221014185450 20221003151395
20221014185450 20221003151370
20221014185450 20221003151406
20221014185450 20221003151373
20221014185450 20221003151400
20221014185450 20221003151388
20221014185450 20221003151414
20221014185450 20221003151387
20221014185450 20221003151417
20221014185450 20221003151379
20221014185450 20221003151407
20221014185450 20221003151396
20221014185450 20221003151382
20221014185450 20221003151397
20221014185450 20221003151366
20221014185450 20221003151418
20221014185450 20221003151389
20221014185450 20221003151409
20221014185450 20221003151385
20221014185450 20221003151394
20221014185450 20221003151402
20221014185450 20221003151386
20221014185450 20221003151369
20221014185450 20221003151392
20221014185450 20221003151374
20221014185450 20221003151371
20221014185450 20221003151413
20221014185450 20221003151377
20221014185450 20221003151421
20221014185450 20221003151424
20221014185450 20221003151401
20221014185450 20221003151403
20221014185450 20221003151398
20221014185450 20221003151423
20221014185450 20221003151367
20221014185450 20221003151381
20221014185450 20221003151416
20221014185450 20221003151411
20221014185450 20221003151420
20221014185450 20221003151408
20221014185450 20221003151368
20221014185450 20221003151380
20221014185450 20221003151384
20221014185450 20221003151378
20221014185450 20221003151412
20221014185450 20221003151390
20221014185450 20221003151422
20221014185450 20221003151364
20221014185450 20221003151419
20221014185450 20221003151405
20221014185450 20221003151399
20221014185450 20221003151383
20221014185450 20221003151415
20221014185450 20221003151376
20221014185450 20221003151393
20221014185450 20221003151443
20221014185550 20221016233637
20221014185550 20221016233635
20221014185550 20221016233633
20221014185550 20221016233625
20221014185550 20221013222124
20221014185550 20221003151225
20221014185550 20221003151226
20221014185550 20221003151224
20221014185550 20221003151443
20221014185750 20221016233613
20221014185750 20221016233525
20221014185750 20221016233507
20221014185750 20221003150959
20221014185750 20221003150954
20221014185750 20221003150964
20221014185750 20221003150965
20221014185750 20221003150960
20221014185750 20221003150966
20221014185750 20221003150958
20221014185750 20221003150961
20221014185750 20221003150956
20221014185750 20221003150953
20221014185750 20221003150957
20221014185750 20221003150952
20221014185750 20221003150955
20221014185750 20221003150963
20221014185750 20221003150950
20221014185750 20221003150962
20221014185750 20221003150951
20221014185750 20221003151443
20221014185950 20221016233439
20221014185950 20221016233429
20221014185950 20221016233549
20221014185950 20221016233323
20221014185950 20221003150597
20221014185950 20221003150595
20221014185950 20221003150600
20221014185950 20221003150599
20221014185950 20221003150598
20221014185950 20221003150596
20221014185950 20221003151443
20221014190050 20221016233512
20221014190050 20221013222124
20221014190050 20221003150345
20221014190050 20221003150344
20221014190050 20221003150346
20221014190050 20221003151443
20221014190250 20221016233505
20221014190250 20221016233319
20221014190250 20221016233314
20221014190250 20221003151313
20221014190250 20221003151310
20221014190250 20221003151311
20221014190250 20221003151315
20221014190250 20221003151312
20221014190250 20221003151314
20221014190250 20221003151316
20221014190250 20221003151443
20221016233650 20221016233651
20221016233650 20221014190047
20221016233650 20221014185602
20221016233650 20221014185718
20221016233650 20221014185619
20221016233650 20221014185623
20221016233650 20221014185629
20221016233650 20221016233648
20221020193850 20221007043259
20221020193850 20221009211130
20221020193850 20221006020303
20221020193850 20221006013313
20221020193850 20221006213953
20221021202250 20221021221931
20221021202250 20221009102918
20221021202250 20221010044240
20221021202250 20221007043259
20221021202250 20221003150098
20221021202250 20221006084204
