20221003150151 20221014190158
20221003150151 20221003150153
20221003150251 20221003151174
20221003150251 20221003150791
20221003150251 20221003150419
20221003150351 20221007220451
20221003150451 20221014190045
20221003150451 20221003150453
20221003150551 20221014190001
20221003150551 20221013035124
20221003150551 20221003150558
20221003150551 20221003150559
20221003150551 20221003150582
20221003150551 20221003150592
20221003150651 20221006033248
20221003150651 20221014185936
20221003150651 20221010142810
20221003150651 20221003150650
20221003150651 20221005200242
20221003150751 20221019150908
20221003150751 20221008215655
20221003150751 20221003151172
20221003150751 20221003151204
20221003150751 20221014185905
20221003150751 20221009005402
20221003150751 20221007220451
20221003150751 20221003150753
20221003150851 20221014185831
20221003150851 20221003150855
20221003150851 20221003150850
20221003150851 20221005200242
20221003150951 20221014185750
20221003150951 20221003150953
20221003151051 20221007220451
20221003151251 20221013222124
20221003151251 20221014185531
20221003151251 20221003151253
20221003151251 20221003151257
20221003151351 20221014190229
20221003151351 20221003151363
20221007220451 20221003150526
20221007220451 20221003151166
20221007220451 20221003151213
20221007220451 20221020203509
20221007220451 20221003151192
20221007220451 20221003151190
20221007220451 20221003151172
20221007220451 20221003150628
20221007220451 20221003151179
20221007220451 20221003151182
20221007220451 20221003151186
20221007220451 20221003151187
20221007220451 20221003151184
20221007220451 20221003151188
20221007220451 20221006213130
20221007220451 20221006213311
20221007220451 20221003151207
20221007220451 20221003151210
20221007220451 20221009102436
20221007220451 20221009005402
20221007220451 20221003150275
20221007220451 20221003150966
20221007220451 20221003151223
20221007220451 20221003151250
20221007220451 20221003151238
20221007220451 20221003151261
20221007220451 20221003151216
20221007220451 20221003151020
20221007220451 20221003151363
20221007220451 20221003151241
20221007220451 20221018183943
20221007220451 20221018155432
20221007220451 20221018125400
20221007220451 20221017182053
20221007220451 20221017172946
20221007220451 20221015014643
20221007220451 20221015011525
20221007220451 20221003151335
20221007220451 20221003151258
20221007220451 20221013214821
20221007220451 20221003150117
20221007220451 20221003150222
20221007220451 20221013192245
20221007220451 20221003150356
20221007220451 20221003150271
20221007220451 20221003150276
20221007220451 20221003150317
20221007220451 20221003150257
20221007220451 20221003150255
20221007220451 20221003150254
20221007220451 20221003150266
20221007220451 20221003150294
20221007220451 20221003150322
20221007220451 20221013185120
20221007220451 20221003150347
20221007220451 20221003150352
20221007220451 20221003150353
20221007220451 20221003150361
20221007220451 20221003150436
20221007220451 20221003150449
20221007220451 20221003150440
20221007220451 20221003150455
20221007220451 20221003150450
20221007220451 20221013171453
20221007220451 20221003150557
20221007220451 20221003150874
20221007220451 20221003150727
20221007220451 20221003150549
20221007220451 20221003150577
20221007220451 20221003150631
20221007220451 20221003150439
20221007220451 20221003151194
20221007220451 20221012145054
20221007220451 20221011145037
20221007220451 20221011134623
20221007220451 20221011093146
20221007220451 20221011092421
20221007220451 20221011092204
20221007220451 20221003150288
20221007220451 20221003150289
20221007220451 20221008221548
20221007220451 20221003151153
20221007220451 20221003151058
20221007220451 20221010183037
20221007220451 20221010182721
20221007220451 20221009192000
20221007220451 20221009001740
20221007220451 20221008194048
20221007220451 20221008213825
20221007220451 20221008195148
20221007220451 20221008191607
20221007220451 20221008042814
20221007220451 20221006013313
20221007220451 20221003150431
20221007220451 20221003150895
20221007220451 20221003150244
20221007220451 20221003150974
20221007220451 20221003151072
20221007220451 20221003151358
20221007220451 20221003150421
20221007220451 20221003150099
20221007220451 20221003150311
20221007220451 20221007185940
20221007220451 20221003150464
20221007220451 20221003150601
20221007220451 20221003150334
20221007220451 20221003150830
20221007220451 20221003150258
20221007220451 20221003150351
20221007220451 20221003150112
20221007220451 20221003150441
20221007220451 20221003150751
20221007220451 20221003151065
20221007220451 20221003150715
20221007220451 20221003150704
20221007220451 20221003150822
20221007220451 20221003150536
20221007220451 20221003151081
20221007220451 20221003151093
20221007220451 20221003150879
20221007220451 20221003151080
20221007220451 20221003151076
20221007220451 20221003150336
20221007220451 20221003151206
20221007220451 20221003150725
20221007220451 20221003151205
20221007220451 20221003150721
20221007220451 20221003150883
20221007220451 20221003150933
20221007220451 20221003151208
20221007220451 20221003151092
20221007220451 20221003150884
20221007220451 20221003150766
20221007220451 20221003150562
20221007220451 20221003150920
20221007220451 20221003150235
20221007220451 20221003150238
20221007220451 20221003150233
20221007220451 20221003150697
20221007220451 20221003150234
20221007220451 20221003150746
20221007220451 20221003151259
20221007220451 20221003151106
20221007220451 20221003150292
20221007220451 20221003150673
20221007220451 20221003150642
20221007220451 20221003150685
20221007220451 20221003151121
20221007220451 20221003150748
20221007220451 20221003151110
20221007220451 20221003150180
20221007220451 20221003150643
20221007220451 20221003151117
20221007220451 20221003150239
20221007220451 20221003150800
20221007220451 20221003150799
20221007220451 20221003150683
20221007220451 20221003151120
20221007220451 20221003150537
20221007220451 20221003150853
20221007220451 20221003151111
20221007220451 20221003150698
20221007220451 20221003150558
20221007220451 20221003151115
20221007220451 20221003150156
20221007220451 20221003150644
20221007220451 20221003150487
20221007220451 20221003151119
20221007220451 20221003151143
20221007220451 20221003151128
20221007220451 20221003151125
20221007220451 20221003151138
20221007220451 20221003151136
20221007220451 20221003151126
20221007220451 20221003151097
20221007220451 20221003150758
20221007220451 20221003151026
20221007220451 20221003151171
20221007220451 20221003151095
20221007220451 20221003151142
20221007220451 20221003150555
20221007220451 20221003151141
20221007220451 20221003151134
20221007220451 20221003150486
20221007220451 20221003150778
20221007220451 20221003151051
20221007220451 20221003151139
20221007220451 20221003150556
20221007220451 20221003151130
20221007220451 20221003151140
20221007220451 20221003150488
20221007220451 20221003151144
20221007220451 20221003151129
20221007220451 20221003151170
20221007220451 20221003151127
20221007220451 20221003151137
20221007220451 20221003151193
20221007220451 20221003151270
20221007220451 20221003150831
20221007220451 20221003150989
20221007220451 20221007044552
20221007220451 20221003151350
20221007220451 20221003151299
20221007220451 20221003151424
20221007220451 20221003151329
20221007220451 20221003151332
20221007220451 20221003151295
20221007220451 20221003150146
20221007220451 20221003150921
20221007220451 20221003150444
20221007220451 20221003150242
20221007220451 20221003150306
20221007220451 20221025221046
20221007220451 20221003150326
20221007220451 20221003150371
20221007220451 20221003150360
20221007220451 20221003150362
20221007220451 20221003150293
20221007220451 20221003151064
20221007220451 20221008061334
20221007220451 20221027164646
20221007220451 20221003151375
20221007220451 20221027150053
20221007220451 20221030034049
20221007220451 20221003151161
20221007220451 20221030182245
20221009172351 20221022232952
20221009172351 20221020183231
20221009172351 20221017091309
20221009172351 20221015010931
20221009172351 20221014150222
20221009172351 20221003151274
20221009172351 20221013035124
20221009172351 20221012212839
20221009172351 20221011145143
20221009172351 20221010182721
20221009172351 20221009172522
20221009172351 20221006013612
20221009172351 20221009171616
20221009172351 20221008215400
20221009172351 20221025045945
20221009172351 20221030050459
20221011190351 20221009095853
20221011190351 20221009102436
20221011190351 20221006013612
20221013185251 20221022210719
20221013185251 20221018193528
20221013185251 20221003151235
20221013185251 20221012061227
20221013185251 20221003150993
20221013185251 20221013222124
20221013185251 20221003150097
20221013185251 20221003150118
20221013185251 20221003150222
20221013185251 20221003150934
20221013185251 20221007043259
20221013185251 20221006020303
20221013185251 20221006063114
20221013190051 20221003151322
20221013190051 20221006213130
20221013190051 20221003150917
20221013190051 20221003151329
20221013190051 20221003151332
20221013190051 20221003151299
20221013190051 20221003151424
20221013190051 20221003151278
20221013190051 20221003151155
20221014160551 20221020044600
20221014160551 20221017154727
20221014160551 20221003151350
20221014160551 20221003151335
20221014160551 20221003150118
20221014160551 20221003150182
20221014160551 20221003150079
20221014160551 20221014160244
20221014185551 20221016233507
20221014185551 20221013222124
20221014185551 20221003151222
20221014185551 20221003151223
20221014185551 20221003151443
20221014185651 20221016233439
20221014185651 20221003151150
20221014185651 20221003151149
20221014185651 20221003151152
20221014185651 20221003151443
20221014185751 20221016233540
20221014185751 20221013222124
20221014185751 20221003150948
20221014185751 20221003150949
20221014185751 20221003150947
20221014185751 20221003151443
20221014185851 20221016233523
20221014185851 20221016233352
20221014185851 20221016233458
20221014185851 20221016233406
20221014185851 20221016233558
20221014185851 20221009014200
20221014185851 20221003150807
20221014185851 20221003150806
20221014185851 20221003150804
20221014185851 20221003150805
20221014185851 20221003150802
20221014185851 20221003150803
20221014185851 20221003151443
20221014190051 20221016233540
20221014190051 20221003150343
20221014190051 20221003150342
20221014190051 20221003151443
20221014190151 20221016233402
20221014190151 20221016233505
20221014190151 20221003150166
20221014190151 20221003150167
20221014190151 20221003150168
20221014190151 20221003151443
20221014190251 20221016233605
20221014190251 20221003151308
20221014190251 20221003151307
20221014190251 20221003151309
20221014190251 20221003151443
20221015065151 20221003151301
20221015065151 20221015005745
20221015065151 20221015064621
20221015065151 20221012070318
20221015065151 20221006213953
20221015065151 20221003151442
20221016233351 20221016233352
20221016233351 20221014185833
20221016233351 20221014185930
20221016233351 20221016233349
20221016233451 20221016233453
20221016233451 20221014185703
20221016233451 20221014185722
20221016233451 20221014185629
20221016233451 20221014185905
20221016233451 20221014185831
20221016233451 20221014185450
20221016233451 20221014185617
20221016233451 20221014185606
20221016233451 20221014185640
20221016233451 20221014185609
20221016233451 20221014185634
20221016233451 20221014185603
20221016233451 20221014185611
20221016233451 20221014185625
20221016233451 20221014185637
20221016233451 20221014185628
20221016233451 20221014185638
20221016233451 20221014185612
20221016233451 20221014185608
20221016233451 20221014185631
20221016233451 20221014185605
20221016233451 20221014185614
20221016233451 20221014185619
20221016233451 20221014185632
20221016233451 20221014185620
20221016233451 20221014185626
20221016233451 20221014185616
20221016233451 20221014190155
20221016233451 20221014190229
20221016233451 20221014185754
20221016233451 20221014185509
20221016233451 20221016233449
20221016233551 20221016233552
20221016233551 20221014190109
20221016233551 20221014185600
20221016233551 20221014185808
20221016233551 20221014190056
20221016233551 20221016233549
20221016233651 20221016233653
20221016233651 20221014185629
20221016233651 20221014185944
20221016233651 20221016233650
20221026135851 20221013021614
20221026135851 20221003150098
20221026135851 20221006084204
