20221003150152 20221014190158
20221003150152 20221003150153
20221003150252 20221013180230
20221003150252 20221013180125
20221003150252 20221008221822
20221003150252 20221003151193
20221003150252 20221003151191
20221003150252 20221003150968
20221003150352 20221013171453
20221003150352 20221009014200
20221003150352 20221008212929
20221003150352 20221007220451
20221003150352 20221003151172
20221003150352 20221003151144
20221003150352 20221003150306
20221003150452 20221014190045
20221003150452 20221003150453
20221003150452 20221005200242
20221003150552 20221014190001
20221003150552 20221003150553
20221003150652 20221014185935
20221003150652 20221003150659
20221003150752 20221003151172
20221003150752 20221019150908
20221003150752 20221008215655
20221003150752 20221014185905
20221003150752 20221009005402
20221003150752 20221003150753
20221003150852 20221014185831
20221003150852 20221003150855
20221003150952 20221014185750
20221003150952 20221012145054
20221003150952 20221007194303
20221003150952 20221003150953
20221003151052 20221005200242
20221003151152 20221003151150
20221003151152 20221003151153
20221003151152 20221003151197
20221003151152 20221003151170
20221003151152 20221003150835
20221003151152 20221014185651
20221003151152 20221005200242
20221003151252 20221013222124
20221003151252 20221014185531
20221003151252 20221003151253
20221003151252 20221003151257
20221003151352 20221014190229
20221003151352 20221003151363
20221004212452 20221009095853
20221004212452 20221003151424
20221004212452 20221003150086
20221004212452 20221003150087
20221004212452 20221003150084
20221004212452 20221003150092
20221004212452 20221003150088
20221004212452 20221003150082
20221004212452 20221003150083
20221004212452 20221003150094
20221004212452 20221003150085
20221004212452 20221003150091
20221004212452 20221003150089
20221004212452 20221003150095
20221004212452 20221003150093
20221004212452 20221003151332
20221004212452 20221003151329
20221004212452 20221003151350
20221007044552 20221014215609
20221007044552 20221009102436
20221007044552 20221010180141
20221007044552 20221010071719
20221007044552 20221009104752
20221007044552 20221009005402
20221007044552 20221008213627
20221007044552 20221008181005
20221007044552 20221008061845
20221007044552 20221008061334
20221007044552 20221008042814
20221007044552 20221007220451
20221007044552 20221005200242
20221007044552 20221003151198
20221007044552 20221003151191
20221007044552 20221003150989
20221007044552 20221006185420
20221007044552 20221006215135
20221007044552 20221003151213
20221007044552 20221003151162
20221007044552 20221003151188
20221007044552 20221003151173
20221007044552 20221003151197
20221007044552 20221003151184
20221007044552 20221003151185
20221007044552 20221003151180
20221007044552 20221003151214
20221007044552 20221003151211
20221007044552 20221003151170
20221007044552 20221003151189
20221007044552 20221003151208
20221007044552 20221003151206
20221007044552 20221003151212
20221007044552 20221003151205
20221007044552 20221003151209
20221007044552 20221003151171
20221007044552 20221003151181
20221007044552 20221003151163
20221007044552 20221003151175
20221007044552 20221003151190
20221007044552 20221003151192
20221007044552 20221003151210
20221007044552 20221003150526
20221007044552 20221003151177
20221007044552 20221031192031
20221007205652 20221006032546
20221007205652 20221003151335
20221007205652 20221003150914
20221007205652 20221003150915
20221007205652 20221003150909
20221007205652 20221003150916
20221007205652 20221006191703
20221007205652 20221006035818
20221007205652 20221006145626
20221007205652 20221006033248
20221008063052 20221021081636
20221008063052 20221007193324
20221008063052 20221014081712
20221008063052 20221013193405
20221008063052 20221007181438
20221008063052 20221012144502
20221008063052 20221011153359
20221008063052 20221011153230
20221008063052 20221010152742
20221008063052 20221009192000
20221008063052 20221009095853
20221008063052 20221006084204
20221008063052 20221003151332
20221008063052 20221007194303
20221008063052 20221006153641
20221008063052 20221006032546
20221008063052 20221026152737
20221008063052 20221017173622
20221008063052 20221028032005
20221008063052 20221028033132
20221008063052 20221031192031
20221009021452 20221013184806
20221009021452 20221010142810
20221009021452 20221003151275
20221009021452 20221003151272
20221009021452 20221009015743
20221009021452 20221008214827
20221009021452 20221003150933
20221009021452 20221009015558
20221009021452 20221008212802
20221009021452 20221008061334
20221009104752 20221018182017
20221009104752 20221018020643
20221009104752 20221012134856
20221009104752 20221007043646
20221009104752 20221006013313
20221009104752 20221011193153
20221009104752 20221013035616
20221009104752 20221009192000
20221009104752 20221008042814
20221009104752 20221007044552
20221009104752 20221023084432
20221009104752 20221026074040
20221009104752 20221026190658
20221009104752 20221009013945
20221013204452 20221012083444
20221013204452 20221008042814
20221013204452 20221011155715
20221013204452 20221013195816
20221013204452 20221012070836
20221013204452 20221007200304
20221013204452 20221006032933
20221013204452 20221007051119
20221013204452 20221006140520
20221013204452 20221012102144
20221013204452 20221013021614
20221013204452 20221009192000
20221013204452 20221006084204
20221013204452 20221003150098
20221013204452 20221006032546
20221014074852 20221015014643
20221014074852 20221015004120
20221014074852 20221013175128
20221014074852 20221014071406
20221014074852 20221012135747
20221014074852 20221012070318
20221014074852 20221006025356
20221014074852 20221003151155
20221014074852 20221014074726
20221014185452 20221016233739
20221014185452 20221003151292
20221014185452 20221003151290
20221014185452 20221003151291
20221014185452 20221003151443
20221014185652 20221016233554
20221014185652 20221016233653
20221014185652 20221013222124
20221014185652 20221003151145
20221014185652 20221003151146
20221014185652 20221003151148
20221014185652 20221003151147
20221014185652 20221003151443
20221014185852 20221016233505
20221014185852 20221009014200
20221014185852 20221003150799
20221014185852 20221003150801
20221014185852 20221003150800
20221014185852 20221003151443
20221014185952 20221016233547
20221014185952 20221009014200
20221014185952 20221003150593
20221014185952 20221003150594
20221014185952 20221003151443
20221014190152 20221016233613
20221014190152 20221003150165
20221014190152 20221003150163
20221014190152 20221003150164
20221014190152 20221003151443
20221015004252 20221009015558
20221015004252 20221015011525
20221015004252 20221003151178
20221015004252 20221003151023
20221015004252 20221003150437
20221015004252 20221008215655
20221015004252 20221015004916
20221015004252 20221003150946
20221015004252 20221015004120
20221015004252 20221006213414
20221016233352 20221006214348
20221016233352 20221016233354
20221016233352 20221014185807
20221016233352 20221014185855
20221016233352 20221014185938
20221016233352 20221014185851
20221016233352 20221016233351
20221016233552 20221016233554
20221016233552 20221014185829
20221016233552 20221014185903
20221016233552 20221014190109
20221016233552 20221014190111
20221016233552 20221016233551
20221022210052 20221003150239
20221022210052 20221003151212
20221022210052 20221003150660
20221022210052 20221003150426
20221022210052 20221003150136
20221022210052 20221003150724
20221022210052 20221003150281
20221022210052 20221014190059
20221022232952 20221006084204
20221022232952 20221008215400
20221022232952 20221009172351
20221022232952 20221003150193
