20221003150153 20221014190158
20221003150153 20221003150154
20221003150153 20221003150152
20221003150153 20221003150151
20221003150253 20221008213458
20221003150253 20221008213254
20221003150253 20221006214348
20221003150253 20221006213953
20221003150253 20221006025356
20221003150253 20221003150117
20221003150353 20221013174958
20221003150353 20221008215325
20221003150353 20221007220451
20221003150353 20221006025356
20221003150353 20221003151210
20221003150453 20221014190045
20221003150453 20221012153843
20221003150453 20221003150454
20221003150453 20221003150452
20221003150453 20221003150451
20221003150453 20221005200242
20221003150553 20221014190001
20221003150553 20221003150559
20221003150553 20221003150552
20221003150553 20221005200242
20221003150653 20221014185935
20221003150653 20221003150659
20221003150753 20221017180938
20221003150753 20221017182222
20221003150753 20221014185905
20221003150753 20221009005402
20221003150753 20221008215530
20221003150753 20221003150752
20221003150753 20221003150751
20221003150853 20221014185831
20221003150853 20221007220451
20221003150853 20221003150855
20221003150953 20221014185750
20221003150953 20221003150549
20221003150953 20221003150966
20221003150953 20221003150952
20221003150953 20221003150951
20221003150953 20221005200242
20221003151053 20221003151207
20221003151053 20221003151172
20221003151153 20221014185658
20221003151153 20221014185649
20221003151153 20221003151261
20221003151153 20221003151227
20221003151153 20221014185718
20221003151153 20221003151152
20221003151153 20221003150600
20221003151153 20221003150673
20221003151153 20221015050620
20221003151153 20221003150118
20221003151153 20221013185837
20221003151153 20221003150248
20221003151153 20221013185656
20221003151153 20221013174958
20221003151153 20221003150357
20221003151153 20221003150328
20221003151153 20221003150440
20221003151153 20221003150366
20221003151153 20221003150365
20221003151153 20221003151029
20221003151153 20221003151055
20221003151153 20221003151036
20221003151153 20221003151035
20221003151153 20221003151030
20221003151153 20221003151059
20221003151153 20221003151165
20221003151153 20221003151164
20221003151153 20221003151221
20221003151153 20221003151203
20221003151153 20221003151201
20221003151153 20221003151200
20221003151153 20221003151260
20221003151153 20221003151060
20221003151153 20221012211416
20221003151153 20221012152421
20221003151153 20221006213130
20221003151153 20221003150289
20221003151153 20221008221548
20221003151153 20221007220451
20221003151153 20221003150288
20221003151153 20221003151058
20221003151153 20221009001740
20221003151153 20221009005402
20221003151153 20221008215655
20221003151153 20221008215530
20221003151153 20221008191607
20221003151153 20221008212802
20221003151153 20221008213458
20221003151153 20221008213254
20221003151153 20221008194048
20221003151153 20221008213122
20221003151253 20221013222124
20221003151253 20221014185531
20221003151253 20221003151254
20221003151253 20221003151252
20221003151253 20221003151251
20221003151253 20221005200242
20221003151353 20221014190229
20221003151353 20221003151363
20221006213953 20221022232615
20221006213953 20221020193850
20221006213953 20221015065151
20221006213953 20221015004120
20221006213953 20221006035818
20221006213953 20221003150256
20221006213953 20221003150254
20221006213953 20221003150253
20221006213953 20221012134856
20221006213953 20221008042814
20221006213953 20221012061227
20221006213953 20221009192000
20221006213953 20221011193153
20221006213953 20221011175709
20221006213953 20221006214142
20221006213953 20221011092204
20221006213953 20221006214729
20221006213953 20221006214348
20221006213953 20221011092421
20221006213953 20221011092959
20221006213953 20221011093146
20221006213953 20221006204315
20221006213953 20221006020303
20221006213953 20221006013313
20221006213953 20221010155109
20221006213953 20221009023024
20221006213953 20221009005402
20221006213953 20221008213825
20221006213953 20221008183326
20221006213953 20221008181850
20221006213953 20221008061845
20221006213953 20221007043259
20221006213953 20221006220044
20221006213953 20221006215623
20221006213953 20221006073459
20221006213953 20221010180841
20221006213953 20221027194304
20221006215353 20221003150998
20221006215353 20221003150993
20221006215353 20221009005402
20221006215353 20221003150995
20221006215353 20221003151186
20221006215353 20221003150970
20221006215353 20221003151006
20221006215353 20221003150441
20221006215353 20221003150971
20221006215353 20221003151193
20221006215353 20221006214142
20221006215353 20221006214348
20221008021753 20221008212802
20221008021753 20221008215655
20221008021753 20221006025356
20221008021753 20221010222312
20221008021753 20221009165318
20221008021753 20221018050715
20221009095853 20221021221931
20221009095853 20221010044240
20221009095853 20221022232030
20221009095853 20221020185927
20221009095853 20221022000131
20221009095853 20221009102918
20221009095853 20221013221136
20221009095853 20221018161819
20221009095853 20221011190351
20221009095853 20221019144206
20221009095853 20221019143924
20221009095853 20221012094712
20221009095853 20221016161034
20221009095853 20221006054727
20221009095853 20221016202237
20221009095853 20221015172248
20221009095853 20221012090359
20221009095853 20221014215609
20221009095853 20221008195148
20221009095853 20221012144502
20221009095853 20221014191506
20221009095853 20221014183030
20221009095853 20221014150222
20221009095853 20221009015032
20221009095853 20221013193405
20221009095853 20221013195816
20221009095853 20221012102144
20221009095853 20221012213538
20221009095853 20221008181850
20221009095853 20221012220453
20221009095853 20221010184202
20221009095853 20221006220044
20221009095853 20221009162538
20221009095853 20221009100510
20221009095853 20221008063052
20221009095853 20221004212452
20221009095853 20221008190117
20221009095853 20221009091132
20221009095853 20221023182804
20221009095853 20221015021344
20221009095853 20221017030222
20221009095853 20221026064448
20221009095853 20221024210849
20221009095853 20221026080325
20221009095853 20221026152737
20221009095853 20221026165857
20221009095853 20221026135114
20221009095853 20221024180316
20221009095853 20221027134758
20221009095853 20221018145628
20221009095853 20221028172836
20221011181453 20221011183500
20221011181453 20221011181531
20221011181453 20221011184954
20221011181453 20221011181347
20221011193153 20221009104752
20221011193153 20221009172522
20221011193153 20221006013313
20221011193153 20221006213953
20221011193153 20221008183326
20221011193153 20221006020303
20221011193153 20221008061845
20221011193153 20221009012547
20221011193153 20221007193324
20221011193153 20221006032546
20221011193153 20221008190117
20221011193153 20221006033248
20221011193153 20221007043646
20221011193153 20221007043259
20221011193153 20221008042814
20221011193153 20221010155109
20221011193153 20221006153641
20221011193153 20221024213239
20221012220453 20221009095853
20221012220453 20221006084204
20221012220453 20221006032546
20221013171453 20221003150571
20221013171453 20221014190045
20221013171453 20221003150139
20221013171453 20221003150138
20221013171453 20221003150192
20221013171453 20221003150356
20221013171453 20221018183943
20221013171453 20221008214827
20221013171453 20221003151217
20221013171453 20221003151215
20221013171453 20221003150443
20221013171453 20221003150240
20221013171453 20221003150352
20221013171453 20221003150440
20221013171453 20221003150455
20221013171453 20221003150450
20221013171453 20221003150436
20221013171453 20221003150449
20221013171453 20221003150445
20221013171453 20221003150140
20221013171453 20221006025730
20221013171453 20221003151299
20221013171453 20221007220451
20221013171453 20221007194303
20221013171453 20221025045945
20221013171453 20221003150354
20221013171453 20221003150362
20221013171453 20221003150377
20221013171453 20221003150381
20221013171453 20221003150439
20221013171453 20221003150438
20221013171453 20221003151318
20221014185453 20221003151443
20221014185553 20221003151221
20221014185553 20221016233507
20221014185553 20221013222124
20221014185553 20221003151443
20221014185753 20221016233419
20221014185753 20221016233505
20221014185753 20221003150944
20221014185753 20221003150945
20221014185753 20221003150946
20221014185753 20221003150943
20221014185753 20221003151443
20221014185953 20221016233522
20221014185953 20221016233502
20221014185953 20221016233414
20221014185953 20221003150589
20221014185953 20221003150587
20221014185953 20221003150591
20221014185953 20221003150584
20221014185953 20221003150590
20221014185953 20221003150583
20221014185953 20221003150592
20221014185953 20221003150588
20221014185953 20221003150586
20221014185953 20221003150585
20221014185953 20221003151443
20221014190053 20221003150341
20221014190053 20221016233512
20221014190053 20221003151443
20221014190253 20221016233514
20221014190253 20221003151303
20221014190253 20221003151306
20221014190253 20221003151305
20221014190253 20221003151304
20221014190253 20221003151443
20221016233453 20221016233455
20221016233453 20221014185619
20221016233453 20221014185626
20221016233453 20221014185955
20221016233453 20221016233451
20221016233653 20221016233655
20221016233653 20221014185900
20221016233653 20221014190047
20221016233653 20221014185655
20221016233653 20221014185652
20221016233653 20221016233651
20221017182053 20221003150744
20221017182053 20221003150807
20221017182053 20221017182222
20221017182053 20221008215655
20221017182053 20221008215530
20221017182053 20221008215325
20221017182053 20221009005402
20221017182053 20221007220451
20221017182053 20221017180938
20221017182053 20221003150822
20221025045053 20221013221136
20221025045053 20221006032546
20221025045053 20221003151279
20221025045053 20221003151281
20221025045053 20221024213239
20221025045053 20221023085822
20221025045053 20221028173620
20221025045053 20221012171100
20221027150053 20221017173622
20221027150053 20221008042814
20221027150053 20221012171100
