20221003150154 20221003150153
20221003150154 20221003150150
20221003150154 20221014190158
20221003150254 20221003151257
20221003150254 20221013174958
20221003150254 20221003151144
20221003150254 20221007220451
20221003150254 20221006214729
20221003150254 20221006213953
20221003150354 20221014190047
20221003150354 20221008194048
20221003150354 20221003150355
20221003150354 20221013171453
20221003150454 20221014190045
20221003150454 20221012154059
20221003150454 20221012153843
20221003150454 20221003150453
20221003150454 20221005200242
20221003150554 20221003150275
20221003150554 20221014190001
20221003150554 20221009005402
20221003150654 20221014185935
20221003150654 20221003150659
20221003150754 20221014185903
20221003150754 20221003150755
20221003150854 20221014185831
20221003150854 20221003150855
20221003150954 20221014185750
20221003150954 20221003150966
20221003151054 20221009005402
20221003151154 20221014185647
20221003151154 20221003151155
20221003151254 20221013222124
20221003151254 20221014185531
20221003151254 20221003151257
20221003151254 20221003151253
20221003151254 20221005200242
20221003151354 20221003151342
20221003151354 20221014190229
20221003151354 20221003151363
20221008213254 20221018174628
20221008213254 20221018050715
20221008213254 20221014074318
20221008213254 20221014073148
20221008213254 20221003150132
20221008213254 20221003150097
20221008213254 20221003150253
20221008213254 20221013180437
20221008213254 20221003151036
20221008213254 20221003151302
20221008213254 20221008221940
20221008213254 20221008215400
20221008213254 20221003150884
20221008213254 20221003150940
20221008213254 20221003151121
20221008213254 20221008070202
20221008213254 20221003150372
20221008213254 20221003151214
20221008213254 20221003150551
20221008213254 20221006025356
20221008213254 20221003151153
20221008213254 20221003150289
20221011182254 20221013173355
20221011182254 20221003150891
20221011182254 20221011182350
20221011182254 20221011182140
20221011182254 20221011181347
20221011184954 20221011181453
20221011184954 20221011181820
20221011184954 20221011181531
20221011184954 20221011182016
20221011184954 20221011181920
20221011184954 20221011181347
20221012145054 20221008042814
20221012145054 20221011134623
20221012145054 20221006213130
20221012145054 20221007220451
20221012145054 20221011092421
20221012145054 20221003150210
20221012145054 20221003150952
20221012145054 20221003151176
20221012145054 20221003150966
20221012145054 20221008214406
20221012145054 20221007043259
20221012145054 20221006013313
20221012145054 20221006020303
20221012145054 20221006051705
20221014023054 20221006013313
20221014023054 20221007043646
20221014023054 20221024213239
20221014185554 20221016233507
20221014185554 20221013222124
20221014185554 20221003151219
20221014185554 20221003151220
20221014185554 20221003151443
20221014185654 20221016233554
20221014185654 20221016233507
20221014185654 20221003151130
20221014185654 20221003151138
20221014185654 20221003151125
20221014185654 20221003151141
20221014185654 20221003151140
20221014185654 20221003151128
20221014185654 20221003151127
20221014185654 20221003151126
20221014185654 20221003151139
20221014185654 20221003151134
20221014185654 20221003151131
20221014185654 20221003151133
20221014185654 20221003151142
20221014185654 20221003151144
20221014185654 20221003151132
20221014185654 20221003151129
20221014185654 20221003151137
20221014185654 20221003151136
20221014185654 20221003151135
20221014185654 20221003151143
20221014185654 20221003151443
20221014185754 20221016233642
20221014185754 20221016233451
20221014185754 20221003150941
20221014185754 20221003150942
20221014185754 20221003150940
20221014185754 20221003150939
20221014185754 20221003151443
20221014185854 20221016233737
20221014185854 20221009014200
20221014185854 20221003150798
20221014185854 20221003150797
20221014185854 20221003151443
20221014190054 20221016233549
20221014190054 20221003150338
20221014190054 20221003150337
20221014190054 20221003150336
20221014190054 20221003150339
20221014190054 20221003150340
20221014190054 20221003151443
20221014190154 20221016233319
20221014190154 20221016233505
20221014190154 20221003150160
20221014190154 20221003150161
20221014190154 20221003150162
20221014190154 20221003151443
20221014190254 20221003151302
20221014190254 20221016233303
20221014190254 20221016233427
20221014190254 20221003151443
20221016233254 20221003151443
20221016233254 20221006054727
20221016233254 20221017030222
20221016233254 20221016233256
20221016233254 20221014185524
20221016233254 20221014185519
20221016233254 20221014185522
20221016233254 20221014185518
20221016233254 20221014185444
20221016233254 20221014185446
20221016233254 20221014185501
20221016233254 20221014185512
20221016233254 20221014190230
20221016233354 20221016233356
20221016233354 20221014190203
20221016233354 20221016233352
20221016233554 20221016233556
20221016233554 20221014185652
20221016233554 20221014185905
20221016233554 20221014185654
20221016233554 20221014185748
20221016233554 20221014185927
20221016233554 20221016233552
