20221003150155 20221014190157
20221003150155 20221003150156
20221003150255 20221008212519
20221003150255 20221008212000
20221003150255 20221007220451
20221003150255 20221006214729
20221003150355 20221003150354
20221003150355 20221014190047
20221003150355 20221008212519
20221003150355 20221008194048
20221003150455 20221003150256
20221003150455 20221013171453
20221003150455 20221003150110
20221003150455 20221003150107
20221003150455 20221007220451
20221003150455 20221003150117
20221003150555 20221014190001
20221003150555 20221007220451
20221003150655 20221014185935
20221003150655 20221003150659
20221003150755 20221014185903
20221003150755 20221003150754
20221003150755 20221005200242
20221003150855 20221003151195
20221003150855 20221014185831
20221003150855 20221003151238
20221003150855 20221003150854
20221003150855 20221003150853
20221003150855 20221003150852
20221003150855 20221003150851
20221003150855 20221005200242
20221003150955 20221014185750
20221003150955 20221003150966
20221003151055 20221008213357
20221003151055 20221003151214
20221003151055 20221003151207
20221003151055 20221003151204
20221003151055 20221003151200
20221003151055 20221003151153
20221003151155 20221003151154
20221003151155 20221014185647
20221003151155 20221014074852
20221003151155 20221003150323
20221003151155 20221003150322
20221003151155 20221003150317
20221003151155 20221013190051
20221003151155 20221003151322
20221003151155 20221006214348
20221003151255 20221013222124
20221003151255 20221014185531
20221003151255 20221003151256
20221003151255 20221003151257
20221003151355 20221014190229
20221003151355 20221007043259
20221003151355 20221003151363
20221008215655 20221019151504
20221008215655 20221003150752
20221008215655 20221003150751
20221008215655 20221019150908
20221008215655 20221018160416
20221008215655 20221018050715
20221008215655 20221017182053
20221008215655 20221015004252
20221008215655 20221014181941
20221008215655 20221014081712
20221008215655 20221003151147
20221008215655 20221013185456
20221008215655 20221003150271
20221008215655 20221013185406
20221008215655 20221013185837
20221008215655 20221013185656
20221008215655 20221013180230
20221008215655 20221013180125
20221008215655 20221013174958
20221008215655 20221003150357
20221008215655 20221003150420
20221008215655 20221003150834
20221008215655 20221003150577
20221008215655 20221003150439
20221008215655 20221008021753
20221008215655 20221003151076
20221008215655 20221003151081
20221008215655 20221003150879
20221008215655 20221003151093
20221008215655 20221003151207
20221008215655 20221003151210
20221008215655 20221003151153
20221008215655 20221006025356
20221008215655 20221008215530
20221008215655 20221003150247
20221008215655 20221003150360
20221009001455 20221012152319
20221009001455 20221003150893
20221009001455 20221008213458
20221009001455 20221006025356
20221009001455 20221009001238
20221013173355 20221003150874
20221013173355 20221003151124
20221013173355 20221003151241
20221013173355 20221019151504
20221013173355 20221018161819
20221013173355 20221003150688
20221013173355 20221003150640
20221013173355 20221003150628
20221013173355 20221003151005
20221013173355 20221003150457
20221013173355 20221003150920
20221013173355 20221003151004
20221013173355 20221003150829
20221013173355 20221003150840
20221013173355 20221003150634
20221013173355 20221003150698
20221013173355 20221003150629
20221013173355 20221003150830
20221013173355 20221003150782
20221013173355 20221003150784
20221013173355 20221003150482
20221013173355 20221003150420
20221013173355 20221003150630
20221013173355 20221003150550
20221013173355 20221003151006
20221013173355 20221011182254
20221013173355 20221003150786
20221013194055 20221018125400
20221013194055 20221003150097
20221013194055 20221003151275
20221013194055 20221003150181
20221013194055 20221003150214
20221013194055 20221003151120
20221013194055 20221003150180
20221013194055 20221003150213
20221013194055 20221003150182
20221013194055 20221003150215
20221013194055 20221003151274
20221013194055 20221003150622
20221013194055 20221003151215
20221013194055 20221003151265
20221013194055 20221003150199
20221013194055 20221003150632
20221013194055 20221003150212
20221013194055 20221008042334
20221013194055 20221003150178
20221013194055 20221003151248
20221013194055 20221003151369
20221013194055 20221003151366
20221013194055 20221003151250
20221013194055 20221003151249
20221013194055 20221003150298
20221013194055 20221003151056
20221013194055 20221003150137
20221014185455 20221003151443
20221014185655 20221016233449
20221014185655 20221016233653
20221014185655 20221016233648
20221014185655 20221016233618
20221014185655 20221016233603
20221014185655 20221003151120
20221014185655 20221003151124
20221014185655 20221003151111
20221014185655 20221003151112
20221014185655 20221003151121
20221014185655 20221003151109
20221014185655 20221003151115
20221014185655 20221003151118
20221014185655 20221003151122
20221014185655 20221003151123
20221014185655 20221003151114
20221014185655 20221003151113
20221014185655 20221003151119
20221014185655 20221003151110
20221014185655 20221003151108
20221014185655 20221003151116
20221014185655 20221003151107
20221014185655 20221003151117
20221014185655 20221003151443
20221014185855 20221016233352
20221014185855 20221016233648
20221014185855 20221016233549
20221014185855 20221009014200
20221014185855 20221003150793
20221014185855 20221003150794
20221014185855 20221003150796
20221014185855 20221003150795
20221014185855 20221003150792
20221014185855 20221003151443
20221014185955 20221016233522
20221014185955 20221016233637
20221014185955 20221016233453
20221014185955 20221003150580
20221014185955 20221003150581
20221014185955 20221003150578
20221014185955 20221003150579
20221014185955 20221003150582
20221014185955 20221003151443
20221014190155 20221016233316
20221014190155 20221016233451
20221014190155 20221016233725
20221014190155 20221003150159
20221014190155 20221003150157
20221014190155 20221003150158
20221014190155 20221003151443
20221016233455 20221016233457
20221016233455 20221014190157
20221016233455 20221014190001
20221016233455 20221016233453
20221016233655 20221016233657
20221016233655 20221014185629
20221016233655 20221014185905
20221016233655 20221014185944
20221016233655 20221016233653
20221024160055 20221008042814
20221026181955 20221007043646
20221026181955 20221008061334
20221026181955 20221008212802
20221026181955 20221026182432
20221026181955 20221008042814
20221026181955 20221021081636
20221026181955 20221017173622
20221026181955 20221028032005
20221026181955 20221012171100
