20221003150156 20221003150631
20221003150156 20221003150632
20221003150156 20221007220451
20221003150156 20221007181438
20221003150156 20221003150155
20221003150156 20221022210719
20221003150156 20221009014200
20221003150156 20221014190157
20221003150256 20221006214348
20221003150256 20221006213953
20221003150256 20221003150455
20221003150356 20221013171453
20221003150356 20221011092959
20221003150356 20221009102436
20221003150356 20221007220451
20221003150356 20221007194303
20221003150356 20221009005402
20221003150356 20221009001238
20221003150456 20221013035124
20221003150456 20221007194303
20221003150556 20221014190001
20221003150556 20221007220451
20221003150656 20221014185935
20221003150656 20221003150659
20221003150756 20221013222124
20221003150756 20221014185901
20221003150756 20221003150757
20221003150856 20221020000848
20221003150856 20221014185829
20221003150856 20221003150857
20221003150956 20221014185750
20221003150956 20221003150966
20221003151056 20221013194055
20221003151056 20221003151213
20221003151056 20221003151207
20221003151056 20221003151200
20221003151156 20221014185646
20221003151156 20221014185644
20221003151156 20221013192245
20221003151156 20221013185656
20221003151156 20221008215325
20221003151256 20221013222124
20221003151256 20221014185531
20221003151256 20221003151257
20221003151256 20221003151255
20221003151256 20221005200242
20221003151356 20221014190229
20221003151356 20221003151363
20221003151356 20221005200242
20221006025356 20221003151261
20221006025356 20221003150187
20221006025356 20221003150126
20221006025356 20221003150191
20221006025356 20221019002732
20221006025356 20221018174628
20221006025356 20221003150168
20221006025356 20221003150920
20221006025356 20221018125400
20221006025356 20221003150175
20221006025356 20221018050715
20221006025356 20221018042949
20221006025356 20221015173433
20221006025356 20221015024136
20221006025356 20221003151335
20221006025356 20221014160244
20221006025356 20221014074852
20221006025356 20221014074726
20221006025356 20221013222124
20221006025356 20221003150097
20221006025356 20221003150195
20221006025356 20221003150136
20221006025356 20221003150135
20221006025356 20221003150132
20221006025356 20221003150199
20221006025356 20221003150276
20221006025356 20221003150253
20221006025356 20221003150266
20221006025356 20221013185456
20221006025356 20221013185406
20221006025356 20221013174958
20221006025356 20221003150357
20221006025356 20221003150328
20221006025356 20221003150353
20221006025356 20221003150420
20221006025356 20221003150361
20221006025356 20221003150631
20221006025356 20221003150880
20221006025356 20221003151169
20221006025356 20221003151196
20221006025356 20221003151164
20221006025356 20221003151241
20221006025356 20221003151258
20221006025356 20221003151268
20221006025356 20221003151260
20221006025356 20221008021753
20221006025356 20221003150632
20221006025356 20221003150202
20221006025356 20221012135747
20221006025356 20221012101349
20221006025356 20221012094712
20221006025356 20221012093513
20221006025356 20221012082959
20221006025356 20221012070836
20221006025356 20221012070318
20221006025356 20221011075934
20221006025356 20221010153630
20221006025356 20221009015558
20221006025356 20221009015032
20221006025356 20221009005402
20221006025356 20221009001740
20221006025356 20221009001455
20221006025356 20221008213122
20221006025356 20221008195148
20221006025356 20221008215655
20221006025356 20221008215530
20221006025356 20221008212802
20221006025356 20221008213458
20221006025356 20221008213254
20221006025356 20221008070202
20221006025356 20221008061845
20221006025356 20221007200304
20221006025356 20221007043259
20221006025356 20221006214348
20221006025356 20221006213130
20221006025356 20221003150184
20221006025356 20221003150306
20221006025356 20221006063114
20221006025356 20221003150137
20221009032056 20221003150946
20221009032056 20221007194303
20221009032056 20221008221548
20221009032056 20221006213130
20221009032056 20221006213311
20221012134856 20221009104752
20221012134856 20221012134544
20221012134856 20221006013313
20221012134856 20221012135301
20221012134856 20221007043259
20221012134856 20221006213953
20221012134856 20221008212802
20221013185456 20221013192245
20221013185456 20221013185406
20221013185456 20221008215325
20221013185456 20221008215655
20221013185456 20221006025356
20221013185456 20221008215139
20221013185656 20221003150972
20221013185656 20221003151156
20221013185656 20221003151140
20221013185656 20221008215139
20221013185656 20221003151167
20221013185656 20221008215655
20221013185656 20221003151153
20221013185656 20221003151200
20221013185656 20221003150488
20221014142356 20221013222124
20221014142356 20221009012547
20221014142356 20221008214631
20221014142356 20221006191703
20221014142356 20221003151299
20221014142356 20221003151217
20221014142356 20221003150757
20221014142356 20221003150512
20221014142356 20221003150511
20221014142356 20221003150509
20221014142356 20221003150508
20221014142356 20221003150507
20221014142356 20221003150504
20221014142356 20221003150476
20221014142356 20221003150469
20221014142356 20221003150466
20221014142356 20221008214827
20221014142356 20221003151424
20221014142356 20221003151350
20221014142356 20221003151332
20221014142356 20221003151329
20221014142356 20221003151408
20221014142356 20221008061334
20221014185456 20221016233618
20221014185456 20221003151443
20221014185556 20221003151218
20221014185556 20221016233507
20221014185556 20221013222124
20221014185556 20221003151443
20221014185756 20221003150938
20221014185756 20221016233422
20221014185756 20221003151443
20221014185956 20221003150577
20221014185956 20221016233357
20221014185956 20221003151443
20221014190056 20221022210719
20221014190056 20221016233710
20221014190056 20221016233512
20221014190056 20221016233644
20221014190056 20221016233635
20221014190056 20221016233628
20221014190056 20221016233623
20221014190056 20221016233608
20221014190056 20221016233737
20221014190056 20221016233712
20221014190056 20221016233559
20221014190056 20221016233558
20221014190056 20221016233551
20221014190056 20221016233549
20221014190056 20221016233542
20221014190056 20221016233535
20221014190056 20221016233529
20221014190056 20221016233518
20221014190056 20221016233516
20221014190056 20221003150305
20221014190056 20221003150302
20221014190056 20221003150313
20221014190056 20221003150298
20221014190056 20221003150309
20221014190056 20221003150296
20221014190056 20221003150308
20221014190056 20221003150299
20221014190056 20221003150297
20221014190056 20221003150306
20221014190056 20221003150300
20221014190056 20221003150301
20221014190056 20221003150304
20221014190056 20221003150314
20221014190056 20221003150312
20221014190056 20221003150310
20221014190056 20221003150311
20221014190056 20221003150303
20221014190056 20221003151443
20221014190256 20221003151301
20221014190256 20221016233313
20221014190256 20221003151443
20221016233256 20221016233258
20221016233256 20221014185811
20221016233256 20221014185447
20221016233256 20221014190236
20221016233256 20221014185458
20221016233256 20221014185459
20221016233256 20221014190242
20221016233256 20221016233254
20221016233356 20221016233357
20221016233356 20221014185513
20221016233356 20221014185914
20221016233356 20221014190257
20221016233356 20221016233354
20221016233556 20221016233558
20221016233556 20221014185918
20221016233556 20221014185600
20221016233556 20221014185450
20221016233556 20221016233554
20221031093556 20221006213953
20221031093556 20221006214142
20221031093556 20221006213414
20221031093556 20221006213130
20221031093556 20221009102436
20221031093556 20221007220451
20221031093556 20221012171100
