20221003150157 20221003150632
20221003150157 20221003150199
20221003150157 20221003150097
20221003150157 20221013185120
20221003150157 20221006025730
20221003150157 20221014190155
20221003150157 20221003150159
20221003150257 20221012153512
20221003150257 20221007220451
20221003150257 20221003151204
20221003150257 20221003151200
20221003150257 20221003150242
20221003150357 20221008215655
20221003150357 20221008212802
20221003150357 20221006025356
20221003150357 20221003151176
20221003150357 20221003151172
20221003150357 20221003151153
20221003150357 20221003151144
20221003150357 20221003151244
20221003150357 20221003150442
20221003150457 20221013173355
20221003150457 20221003151005
20221003150457 20221003151006
20221003150457 20221003150994
20221003150557 20221014190001
20221003150557 20221003150436
20221003150557 20221003150592
20221003150557 20221007220451
20221003150557 20221003150558
20221003150657 20221014185935
20221003150657 20221003150659
20221003150757 20221013222124
20221003150757 20221014185901
20221003150757 20221014142356
20221003150757 20221003150476
20221003150757 20221003150777
20221003150757 20221003150756
20221003150757 20221005200242
20221003150857 20221020000848
20221003150857 20221014185829
20221003150857 20221009005402
20221003150857 20221003150856
20221003150857 20221005200242
20221003150957 20221014185750
20221003150957 20221003150958
20221003151057 20221005200242
20221003151157 20221014185644
20221003151157 20221013192245
20221003151157 20221008215325
20221003151257 20221003150254
20221003151257 20221013222124
20221003151257 20221014185531
20221003151257 20221003151256
20221003151257 20221003151254
20221003151257 20221005200242
20221003151257 20221003151255
20221003151257 20221003151251
20221003151257 20221003151252
20221003151357 20221014190229
20221003151357 20221003151363
20221008213357 20221003151055
20221008213357 20221010064819
20221008213357 20221009005402
20221008213357 20221008213627
20221008213357 20221008212802
20221008213357 20221008213122
20221011192157 20221012082959
20221011192157 20221006032546
20221011192157 20221011155715
20221011192157 20221007194303
20221011192157 20221007043259
20221011192157 20221008042814
20221013175957 20221013180125
20221013175957 20221003151243
20221013175957 20221003151244
20221013175957 20221013175128
20221013175957 20221003150571
20221013175957 20221003150334
20221013175957 20221003150335
20221014185557 20221016233507
20221014185557 20221013222124
20221014185557 20221003151217
20221014185557 20221003151215
20221014185557 20221003151216
20221014185557 20221003151443
20221014185657 20221016233518
20221014185657 20221009014200
20221014185657 20221003151106
20221014185657 20221003151104
20221014185657 20221003151105
20221014185657 20221003151443
20221014185857 20221016233507
20221014185857 20221009014200
20221014185857 20221003150787
20221014185857 20221003150788
20221014185857 20221003150790
20221014185857 20221003150789
20221014185857 20221003150791
20221014185857 20221003151443
20221014190057 20221016233518
20221014190057 20221003150284
20221014190057 20221003150288
20221014190057 20221003150283
20221014190057 20221003150285
20221014190057 20221003150289
20221014190057 20221003150282
20221014190057 20221003150287
20221014190057 20221003150286
20221014190057 20221003151443
20221014190157 20221016233455
20221014190157 20221009014200
20221014190157 20221003150155
20221014190157 20221003150156
20221014190157 20221003151443
20221014190257 20221003151300
20221014190257 20221016233356
20221014190257 20221003151443
20221015005557 20221003150942
20221015005557 20221003150600
20221015005557 20221015005535
20221015005557 20221008214827
20221015005557 20221008212802
20221015005557 20221008212000
20221015005557 20221003150946
20221016233357 20221016233359
20221016233357 20221014185917
20221016233357 20221014185956
20221016233357 20221014185912
20221016233357 20221016233356
20221016233457 20221016233458
20221016233457 20221014185629
20221016233457 20221014185612
20221016233457 20221014185626
20221016233457 20221014185509
20221016233457 20221016233455
20221016233657 20221016233658
20221016233657 20221014185622
20221016233657 20221016233655
20221020000157 20221014190034
20221020000157 20221014190033
20221020000157 20221014190031
20221020000157 20221014190030
20221020000157 20221014190028
20221020000157 20221014190027
20221020000157 20221014190025
20221026165857 20221021081636
20221026165857 20221009095853
20221026165857 20221028032005
20221026165857 20221012171100
20221026165857 20221028175711
