20221003150158 20221014190155
20221003150158 20221003150159
20221003150258 20221014190105
20221003150258 20221007220451
20221003150258 20221003150259
20221003150258 20221024131549
20221003150358 20221003150630
20221003150458 20221012153342
20221003150458 20221009005402
20221003150558 20221014190001
20221003150558 20221003150436
20221003150558 20221003150557
20221003150558 20221009005402
20221003150558 20221007220451
20221003150658 20221014185935
20221003150658 20221009005402
20221003150658 20221003150659
20221003150658 20221003151190
20221003150658 20221003151192
20221003150758 20221014185901
20221003150758 20221007220451
20221003150758 20221003150777
20221003150858 20221020000848
20221003150858 20221014185829
20221003150858 20221003150862
20221003150958 20221014185750
20221003150958 20221003150966
20221003150958 20221003150957
20221003151058 20221003150288
20221003151058 20221006213130
20221003151058 20221003150289
20221003151058 20221003151153
20221003151058 20221008221548
20221003151058 20221007220451
20221003151058 20221009005402
20221003151158 20221014185643
20221003151158 20221013035124
20221003151258 20221014185530
20221003151258 20221007220451
20221003151258 20221003150648
20221003151258 20221003150117
20221003151258 20221006025356
20221003151258 20221003151210
20221003151258 20221003150906
20221003151258 20221003150904
20221003151258 20221003150894
20221003151358 20221014190229
20221003151358 20221007220451
20221003151358 20221003151363
20221008213458 20221003151241
20221008213458 20221003150923
20221008213458 20221003150253
20221008213458 20221012101349
20221008213458 20221011145037
20221008213458 20221009001455
20221008213458 20221008215400
20221008213458 20221008212802
20221008213458 20221003151094
20221008213458 20221003151153
20221008213458 20221003150551
20221008213458 20221006025356
20221008213458 20221003150143
20221009015558 20221003150890
20221009015558 20221003150081
20221009015558 20221017070405
20221009015558 20221015004252
20221009015558 20221014081712
20221009015558 20221014071406
20221009015558 20221010142810
20221009015558 20221009021452
20221009015558 20221003151135
20221009015558 20221003151083
20221009015558 20221003151210
20221009015558 20221003151273
20221009015558 20221003151378
20221009015558 20221003151374
20221009015558 20221003150090
20221009015558 20221003150091
20221009015558 20221003151166
20221009015558 20221003150217
20221009015558 20221003151391
20221009015558 20221003151269
20221009015558 20221003150206
20221009015558 20221003150203
20221009015558 20221003150204
20221009015558 20221003150205
20221009015558 20221003150207
20221009015558 20221003151411
20221009015558 20221003151380
20221009015558 20221003150675
20221009015558 20221003150676
20221009015558 20221003150551
20221009015558 20221006025356
20221009015558 20221003151271
20221009015558 20221003150183
20221009015558 20221003150782
20221009015558 20221003150307
20221012070358 20221012070836
20221012070358 20221011155715
20221013174958 20221020000848
20221013174958 20221003150254
20221013174958 20221003150934
20221013174958 20221003150921
20221013174958 20221008194048
20221013174958 20221003150353
20221013174958 20221003151210
20221013174958 20221003151207
20221013174958 20221008215655
20221013174958 20221006025356
20221013174958 20221003151153
20221013174958 20221003151172
20221014185458 20221003150116
20221014185458 20221016233427
20221014185458 20221016233256
20221014185458 20221003151443
20221014185658 20221003151153
20221014185658 20221016233507
20221014185658 20221003151100
20221014185658 20221003151101
20221014185658 20221003151102
20221014185658 20221003151098
20221014185658 20221003151099
20221014185658 20221003151443
20221014185758 20221016233712
20221014185758 20221003150935
20221014185758 20221003150937
20221014185758 20221003150936
20221014185758 20221003151443
20221014185858 20221016233641
20221014185858 20221016233401
20221014185858 20221016233507
20221014185858 20221009014200
20221014185858 20221003150783
20221014185858 20221003150786
20221014185858 20221003150784
20221014185858 20221003150782
20221014185858 20221003150781
20221014185858 20221003150785
20221014185858 20221003151443
20221014185958 20221003150575
20221014185958 20221003150576
20221014185958 20221003150574
20221014185958 20221003150573
20221014185958 20221003150572
20221014185958 20221003151443
20221014185958 20221016233516
20221014190158 20221016233542
20221014190158 20221016233544
20221014190158 20221013222124
20221014190158 20221003150150
20221014190158 20221003150149
20221014190158 20221003150147
20221014190158 20221003150144
20221014190158 20221003150154
20221014190158 20221003150152
20221014190158 20221003150151
20221014190158 20221003150148
20221014190158 20221003150145
20221014190158 20221003150146
20221014190158 20221003150153
20221014190158 20221003151443
20221016233258 20221016233300
20221016233258 20221014185512
20221016233258 20221014185502
20221016233258 20221016233256
20221016233458 20221016233500
20221016233458 20221014185640
20221016233458 20221014185920
20221016233458 20221014185617
20221016233458 20221014185626
20221016233458 20221014185808
20221016233458 20221014185851
20221016233458 20221014190120
20221016233458 20221014185901
20221016233458 20221016233457
20221016233558 20221016233559
20221016233558 20221014190056
20221016233558 20221014185622
20221016233558 20221014185600
20221016233558 20221014185612
20221016233558 20221014185608
20221016233558 20221014185619
20221016233558 20221014185620
20221016233558 20221014185628
20221016233558 20221014185851
20221016233558 20221014190036
20221016233558 20221014185915
20221016233558 20221016233556
20221016233658 20221016233700
20221016233658 20221014185622
20221016233658 20221014190047
20221016233658 20221014190235
20221016233658 20221014185808
20221016233658 20221014185450
20221016233658 20221016233657
20221018175658 20221003150945
20221018175658 20221003150944
20221018175658 20221003150504
20221018175658 20221003150685
20221020052758 20221008054439
20221020052758 20221008054623
20221026190658 20221009104752
20221026190658 20221006213311
20221026190658 20221012082959
20221026190658 20221012171100
20221027134758 20221017173622
20221027134758 20221003151443
20221027134758 20221017030222
20221027134758 20221014183030
20221027134758 20221009095853
20221027134758 20221012171100
20221028161058 20221006032546
20221028161058 20221021081636
20221028161058 20221027194304
20221028161058 20221012171100
20221028161058 20221028172836
20221028161058 20221028173620
20221028161058 20221006051705
20221028161058 20221006033248
20221028161058 20221028195517
