20221003150159 20221014190155
20221003150159 20221003150158
20221003150159 20221003150157
20221003150259 20221003151238
20221003150259 20221003150258
20221003150259 20221003150275
20221003150259 20221014190105
20221003150259 20221024131549
20221003150359 20221014190047
20221003150359 20221003150360
20221003150459 20221014190044
20221003150459 20221003150330
20221003150459 20221008212802
20221003150459 20221003150791
20221003150559 20221014190001
20221003150559 20221003150560
20221003150559 20221011145037
20221003150559 20221003151226
20221003150559 20221003150592
20221003150559 20221003150590
20221003150559 20221003150582
20221003150559 20221003150553
20221003150559 20221003150551
20221003150659 20221003151237
20221003150659 20221008212802
20221003150659 20221003150812
20221003150659 20221017180938
20221003150659 20221014185935
20221003150659 20221003150658
20221003150659 20221003150657
20221003150659 20221003150656
20221003150659 20221003150655
20221003150659 20221003150654
20221003150659 20221003150653
20221003150659 20221003150652
20221003150659 20221005200242
20221003150759 20221014185901
20221003150759 20221003150760
20221003150859 20221020000848
20221003150859 20221003150860
20221003150859 20221003151174
20221003150859 20221014185829
20221003150859 20221009005402
20221003150859 20221003150862
20221003150859 20221005200242
20221003150959 20221003151176
20221003150959 20221014185750
20221003150959 20221003150966
20221003151059 20221003151207
20221003151059 20221003151204
20221003151059 20221003151200
20221003151059 20221003151153
20221003151159 20221006013612
20221003151159 20221003150098
20221003151259 20221014185528
20221003151259 20221003151299
20221003151259 20221003151210
20221003151259 20221012070318
20221003151259 20221009005402
20221003151259 20221007220451
20221003151259 20221003150173
20221003151359 20221014190229
20221003151359 20221003151363
20221006073459 20221010180841
20221006073459 20221007043259
20221006073459 20221006213953
20221006073459 20221006033248
20221006073459 20221006035818
20221007043259 20221023084432
20221007043259 20221022232030
20221007043259 20221021202250
20221007043259 20221020193850
20221007043259 20221020051510
20221007043259 20221020053629
20221007043259 20221018201513
20221007043259 20221015010931
20221007043259 20221015011227
20221007043259 20221013035124
20221007043259 20221014071406
20221007043259 20221013185251
20221007043259 20221012145054
20221007043259 20221012134856
20221007043259 20221009192000
20221007043259 20221011193153
20221007043259 20221011192157
20221007043259 20221011153359
20221007043259 20221011134623
20221007043259 20221006084204
20221007043259 20221010183037
20221007043259 20221010155109
20221007043259 20221007043646
20221007043259 20221009211130
20221007043259 20221009183745
20221007043259 20221009022138
20221007043259 20221008042814
20221007043259 20221003151440
20221007043259 20221003151432
20221007043259 20221003151406
20221007043259 20221003151023
20221007043259 20221003150143
20221007043259 20221003151216
20221007043259 20221006025356
20221007043259 20221003151314
20221007043259 20221003151400
20221007043259 20221003150101
20221007043259 20221003150998
20221007043259 20221003150072
20221007043259 20221003150064
20221007043259 20221006215623
20221007043259 20221006200018
20221007043259 20221003150071
20221007043259 20221003150066
20221007043259 20221003150067
20221007043259 20221003150946
20221007043259 20221003151355
20221007043259 20221003150990
20221007043259 20221003150792
20221007043259 20221003150227
20221007043259 20221006020303
20221007043259 20221006073459
20221007043259 20221006204315
20221007043259 20221006213953
20221007043259 20221003150177
20221007043259 20221003150249
20221007043259 20221006054727
20221007043259 20221006142610
20221007043259 20221006153641
20221007043259 20221003150798
20221007043259 20221006033248
20221007043259 20221006032546
20221007043259 20221003151441
20221007043259 20221003151338
20221007043259 20221003151332
20221007043259 20221003151329
20221007043259 20221003151424
20221007043259 20221006013313
20221007043259 20221026064448
20221007043259 20221013021614
20221007043259 20221027194304
20221007043259 20221017091309
20221011092959 20221003150356
20221011092959 20221006213953
20221011092959 20221003151144
20221011092959 20221003150488
20221011092959 20221011092421
20221011092959 20221006214142
20221011153359 20221014025416
20221011153359 20221012144502
20221011153359 20221008063052
20221011153359 20221006153641
20221011153359 20221006020303
20221011153359 20221007043259
20221011153359 20221006013313
20221011153359 20221008042814
20221011153359 20221006084204
20221011153359 20221006032546
20221011153359 20221011153230
20221011182459 20221011181347
20221011182459 20221011182350
20221012082959 20221010175613
20221012082959 20221011192157
20221012082959 20221006025356
20221012082959 20221008212802
20221012082959 20221008221548
20221012082959 20221026190658
20221012090359 20221007043646
20221012090359 20221009095853
20221012090359 20221012090938
20221012090359 20221006032546
20221012095659 20221014154703
20221012095659 20221008183326
20221012095659 20221007043646
20221012095659 20221008061845
20221012095659 20221008221548
20221012095659 20221007194303
20221012095659 20221003150798
20221012154059 20221012154324
20221012154059 20221008212000
20221012154059 20221008212519
20221012154059 20221003150454
20221012154059 20221012153843
20221014185459 20221016233334
20221014185459 20221016233313
20221014185459 20221016233630
20221014185459 20221016233613
20221014185459 20221016233449
20221014185459 20221016233429
20221014185459 20221016233427
20221014185459 20221016233256
20221014185459 20221003150109
20221014185459 20221003150114
20221014185459 20221003150111
20221014185459 20221003150107
20221014185459 20221003150113
20221014185459 20221003150108
20221014185459 20221003150110
20221014185459 20221003150106
20221014185459 20221003150115
20221014185459 20221003150112
20221014185459 20221003151443
20221014185559 20221016233507
20221014185559 20221016233603
20221014185559 20221016233720
20221014185559 20221016233716
20221014185559 20221003151213
20221014185559 20221003151211
20221014185559 20221003151212
20221014185559 20221003151214
20221014185559 20221003151443
20221014185759 20221003150934
20221014185759 20221016233339
20221014185759 20221003151443
20221014185959 20221016233512
20221014185959 20221003150571
20221014185959 20221003151443
20221014190059 20221022210052
20221014190059 20221016233512
20221014190059 20221003150281
20221014190059 20221003150278
20221014190059 20221003150280
20221014190059 20221003150279
20221014190059 20221003150277
20221014190059 20221003151443
20221014190259 20221016233439
20221014190259 20221016233716
20221014190259 20221013222124
20221014190259 20221003151299
20221014190259 20221003151297
20221014190259 20221003151298
20221014190259 20221003151296
20221014190259 20221003151443
20221014213559 20221013222124
20221014213559 20221003151292
20221014213559 20221003150491
20221014213559 20221008214827
20221014213559 20221008061845
20221014213559 20221014190229
20221014213559 20221014185509
20221014213559 20221014185450
20221014213559 20221008212000
20221014213559 20221003151441
20221014213559 20221003151363
20221014213559 20221003151350
20221014213559 20221003151338
20221014213559 20221003151332
20221014213559 20221003151329
20221014213559 20221003150105
20221014213559 20221014213613
20221014213559 20221008061334
20221015015059 20221015015106
20221015015059 20221015014643
20221015015059 20221008061334
20221016233359 20221016233401
20221016233359 20221014190247
20221016233359 20221016233357
20221016233559 20221016233601
20221016233559 20221014185936
20221016233559 20221014190056
20221016233559 20221016233558
20221017084459 20221017084532
20221017084459 20221008214935
20221017084459 20221003151299
20221017084459 20221003151408
20221019003259 20221003151114
20221019003259 20221003151113
20221019003259 20221003151112
20221019003259 20221003151081
20221019003259 20221003151060
20221019003259 20221008212802
20221019003259 20221015024136
