20221003150160 20221013222124
20221003150160 20221003150798
20221003150160 20221014190154
20221003150160 20221010184202
20221003150160 20221003150162
20221003150260 20221003151210
20221003150260 20221003151209
20221003150360 20221003150359
20221003150360 20221003150475
20221003150360 20221014190047
20221003150360 20221007220451
20221003150360 20221009005402
20221003150360 20221008215655
20221003150360 20221003151172
20221003150360 20221003151207
20221003150460 20221014190042
20221003150460 20221003150462
20221003150560 20221014190001
20221003150560 20221003150559
20221003150560 20221009005402
20221003150660 20221022210052
20221003150660 20221014185933
20221003150660 20221010064819
20221003150660 20221003150662
20221003150760 20221014185901
20221003150760 20221003150777
20221003150760 20221003150759
20221003150860 20221020000848
20221003150860 20221003150859
20221003150860 20221014185829
20221003150860 20221003150862
20221003150960 20221014185750
20221003150960 20221003150961
20221003151060 20221019003259
20221003151060 20221003151207
20221003151060 20221003151094
20221003151060 20221003151153
20221003151160 20221014185643
20221003151160 20221013035124
20221003151160 20221012221003
20221003151160 20221005194814
20221003151260 20221014185527
20221003151260 20221013175128
20221003151260 20221009005402
20221003151260 20221006025356
20221003151260 20221003151153
20221003151360 20221014190229
20221003151360 20221003151363
