20221003150161 20221013222124
20221003150161 20221003150798
20221003150161 20221014190154
20221003150161 20221003150162
20221003150261 20221014190105
20221003150261 20221003150265
20221003150261 20221024131549
20221003150261 20221003150263
20221003150361 20221013035616
20221003150361 20221011183500
20221003150361 20221007220451
20221003150361 20221006025356
20221003150361 20221003150242
20221003150461 20221014190042
20221003150461 20221003150462
20221003150561 20221003150275
20221003150561 20221014190001
20221003150561 20221009005402
20221003150661 20221014185933
20221003150661 20221003150662
20221003150761 20221014185901
20221003150761 20221003150765
20221003150861 20221020000848
20221003150861 20221014185829
20221003150861 20221003150862
20221003150961 20221014185750
20221003150961 20221003150966
20221003150961 20221003150960
20221003151061 20221014185716
20221003151061 20221009005402
20221003151061 20221003151064
20221003151161 20221003150116
20221003151161 20221009005402
20221003151261 20221014185527
20221003151261 20221007220451
20221003151261 20221006025356
20221003151261 20221003151153
20221003151261 20221013175128
20221003151261 20221003151244
20221003151261 20221009005402
20221003151361 20221014190229
20221003151361 20221009005402
20221003151361 20221003151363
20221003151361 20221005200242
