20221003150162 20221014190154
20221003150162 20221013185837
20221003150162 20221003150161
20221003150162 20221003150160
20221003150262 20221013185120
20221003150262 20221003150791
20221003150262 20221014190105
20221003150262 20221003150265
20221003150262 20221024131549
20221003150262 20221003150263
20221003150362 20221014190047
20221003150362 20221003150363
20221003150362 20221013171453
20221003150362 20221007220451
20221003150362 20221003150364
20221003150462 20221003150461
20221003150462 20221003150460
20221003150462 20221008212802
20221003150462 20221008221548
20221003150462 20221003151193
20221003150462 20221014190042
20221003150562 20221014190001
20221003150562 20221009005402
20221003150562 20221007220451
20221003150662 20221003150192
20221003150662 20221019143615
20221003150662 20221017172946
20221003150662 20221003151175
20221003150662 20221014185933
20221003150662 20221003150294
20221003150662 20221003150330
20221003150662 20221003151300
20221003150662 20221012153512
20221003150662 20221008195148
20221003150662 20221008050923
20221003150662 20221007181438
20221003150662 20221003150661
20221003150662 20221003150660
20221003150662 20221005200242
20221003150762 20221014185901
20221003150762 20221009005402
20221003150762 20221003150765
20221003150862 20221020000848
20221003150862 20221003151174
20221003150862 20221003150727
20221003150862 20221009014200
20221003150862 20221013222124
20221003150862 20221014185829
20221003150862 20221014164014
20221003150862 20221003150118
20221003150862 20221003150861
20221003150862 20221003150860
20221003150862 20221003150859
20221003150862 20221003150858
20221003150862 20221005200242
20221003150962 20221014185750
20221003150962 20221010184202
20221003150962 20221010150900
20221003150962 20221003150966
20221003151062 20221014185716
20221003151062 20221003151064
20221003151162 20221014185640
20221003151162 20221009102436
20221003151162 20221007044552
20221003151162 20221003151163
20221003151262 20221013222124
20221003151262 20221014185525
20221003151262 20221003151263
20221003151362 20221014190229
20221003151362 20221009005402
20221003151362 20221003151363
20221003151362 20221005200242
