20221003150163 20221014190152
20221003150163 20221003150165
20221003150263 20221003150261
20221003150263 20221003150262
20221003150263 20221014190105
20221003150263 20221003150264
20221003150263 20221024131549
20221003150363 20221003150362
20221003150363 20221014190047
20221003150363 20221003150364
20221003150463 20221003150730
20221003150463 20221008215325
20221003150463 20221003150464
20221003150463 20221014190040
20221003150463 20221009005402
20221003150463 20221003150465
20221003150563 20221003150275
20221003150563 20221014190001
20221003150563 20221009005402
20221003150663 20221014185932
20221003150663 20221003150665
20221003150763 20221014185901
20221003150763 20221003150765
20221003150863 20221014185828
20221003150863 20221009005402
20221003150963 20221014185750
20221003150963 20221003150966
20221003151063 20221014185716
20221003151063 20221003151064
20221003151063 20221003151207
20221003151163 20221014185640
20221003151163 20221009102436
20221003151163 20221007044552
20221003151163 20221003151162
20221003151263 20221013222124
20221003151263 20221014185525
20221003151263 20221003151262
20221003151363 20221020185927
20221003151363 20221003150942
20221003151363 20221007220451
20221003151363 20221003150600
20221003151363 20221003151408
20221003151363 20221015005745
20221003151363 20221014213559
20221003151363 20221014190229
20221003151363 20221003150315
20221003151363 20221009005402
20221003151363 20221008070202
20221003151363 20221007023939
20221003151363 20221003151362
20221003151363 20221003151361
20221003151363 20221003151360
20221003151363 20221003151359
20221003151363 20221003151358
20221003151363 20221003151357
20221003151363 20221003151356
20221003151363 20221003151355
20221003151363 20221003151354
20221003151363 20221003151353
20221003151363 20221003151352
20221003151363 20221003151351
20221003151363 20221003150105
