20221003150064 20221014185505
20221003150064 20221007043259
20221003150064 20221003150065
20221003150164 20221014190152
20221003150164 20221003150165
20221003150264 20221003150263
20221003150264 20221014190105
20221003150264 20221003150265
20221003150264 20221024131549
20221003150364 20221003150362
20221003150364 20221014190047
20221003150364 20221003150363
20221003150464 20221003150463
20221003150464 20221003151172
20221003150464 20221003151207
20221003150464 20221003150730
20221003150464 20221017084532
20221003150464 20221008215400
20221003150464 20221008215325
20221003150464 20221014190040
20221003150464 20221009005402
20221003150464 20221007220451
20221003150464 20221003150465
20221003150564 20221014190001
20221003150564 20221012070318
20221003150564 20221009005402
20221003150664 20221014185932
20221003150664 20221003150665
20221003150764 20221014185901
20221003150764 20221009005402
20221003150764 20221003150765
20221003150864 20221014185826
20221003150864 20221003150865
20221003150964 20221014185750
20221003150964 20221003150966
20221003151064 20221003151063
20221003151064 20221003151062
20221003151064 20221003151061
20221003151064 20221014185716
20221003151064 20221007220451
20221003151164 20221014185638
20221003151164 20221003150698
20221003151164 20221006025356
20221003151164 20221003151214
20221003151164 20221003151153
20221003151164 20221003150242
20221003151164 20221009102436
20221003151264 20221022232030
20221003151264 20221014190236
20221003151264 20221014153143
20221003151264 20221012102820
20221003151264 20221011085218
20221003151264 20221009162538
20221003151264 20221003151267
20221003151364 20221014185450
20221003151364 20221003151424
