20221003150065 20221014185505
20221003150065 20221003150064
20221003150065 20221003150067
20221003150165 20221003150164
20221003150165 20221003150163
20221003150165 20221014190152
20221003150265 20221003150264
20221003150265 20221003150262
20221003150265 20221003150261
20221003150265 20221014190105
20221003150265 20221024131549
20221003150365 20221008061845
20221003150365 20221003151207
20221003150365 20221003151153
20221003150365 20221003151046
20221003150465 20221003150464
20221003150465 20221003150463
20221003150465 20221017173622
20221003150465 20221014190040
20221003150465 20221009005402
20221003150565 20221014190001
20221003150565 20221003150873
20221003150565 20221003150138
20221003150565 20221003150085
20221003150565 20221003150920
20221003150565 20221003150566
20221003150665 20221003151169
20221003150665 20221003150664
20221003150665 20221003150663
20221003150665 20221009014200
20221003150665 20221014185932
20221003150765 20221014185901
20221003150765 20221003150766
20221003150765 20221003150764
20221003150765 20221003150763
20221003150765 20221003150762
20221003150765 20221003150761
20221003150765 20221005200242
20221003150865 20221014185826
20221003150865 20221003150291
20221003150865 20221003150866
20221003150865 20221003150864
20221003150865 20221005200242
20221003150965 20221014185750
20221003150965 20221003150966
20221003151065 20221014185715
20221003151065 20221007220451
20221003151065 20221003151066
20221003151165 20221014185637
20221003151165 20221003150681
20221003151165 20221003151210
20221003151165 20221003151207
20221003151165 20221003151153
20221003151265 20221014190236
20221003151265 20221013194055
20221003151265 20221003151274
20221003151265 20221009162538
20221003151265 20221003151267
20221003151365 20221014185450
20221003151365 20221003151424
