20221003150066 20221014185505
20221003150066 20221007043259
20221003150066 20221003150067
20221003150066 20221003150064
20221003150166 20221014190151
20221003150166 20221003150168
20221003150266 20221007220451
20221003150266 20221006025356
20221003150266 20221003151210
20221003150366 20221008194048
20221003150366 20221003151207
20221003150366 20221003151153
20221003150366 20221003151106
20221003150366 20221003150934
20221003150466 20221013222124
20221003150466 20221014190039
20221003150466 20221014142356
20221003150466 20221009005402
20221003150466 20221003150476
20221003150566 20221014190001
20221003150566 20221003150565
20221003150566 20221003150138
20221003150666 20221009005402
20221003150766 20221014185901
20221003150766 20221009005402
20221003150766 20221007220451
20221003150766 20221003150777
20221003150766 20221003150765
20221003150766 20221005200242
20221003150866 20221014185826
20221003150866 20221003150291
20221003150866 20221003150865
20221003150866 20221005200242
20221003150966 20221015022512
20221003150966 20221011092421
20221003150966 20221007220451
20221003150966 20221014185750
20221003150966 20221003150549
20221003150966 20221012145054
20221003150966 20221003150965
20221003150966 20221003150964
20221003150966 20221003150963
20221003150966 20221003150962
20221003150966 20221003150961
20221003150966 20221003150959
20221003150966 20221003150958
20221003150966 20221003150956
20221003150966 20221003150955
20221003150966 20221003150954
20221003150966 20221003150953
20221003150966 20221003150950
20221003151066 20221014185715
20221003151066 20221009005402
20221003151066 20221003151067
20221003151066 20221003151065
20221003151066 20221005200242
20221003151166 20221009015558
20221003151166 20221007220451
20221003151166 20221009102436
20221003151166 20221014185635
20221003151266 20221014190236
20221003151266 20221003151267
20221003151366 20221014185450
20221003151366 20221013194055
20221003151366 20221003151274
20221003151366 20221003151424
