20221003150067 20221008214631
20221003150067 20221003150073
20221003150067 20221014074318
20221003150067 20221003150071
20221003150067 20221022000131
20221003150067 20221003150072
20221003150067 20221014185505
20221003150067 20221014154934
20221003150067 20221014073148
20221003150067 20221014071406
20221003150067 20221012135747
20221003150067 20221012135301
20221003150067 20221012065200
20221003150067 20221012061227
20221003150067 20221011175709
20221003150067 20221011085218
20221003150067 20221011075934
20221003150067 20221003151329
20221003150067 20221003151332
20221003150067 20221003151424
20221003150067 20221003151299
20221003150067 20221010074318
20221003150067 20221009014200
20221003150067 20221009013945
20221003150067 20221009012547
20221003150067 20221008214827
20221003150067 20221008061845
20221003150067 20221008024933
20221003150067 20221007200304
20221003150067 20221007043259
20221003150067 20221006214729
20221003150067 20221006214348
20221003150067 20221003150066
20221003150067 20221003150065
20221003150067 20221028195517
20221003150167 20221014190151
20221003150167 20221003150168
20221003150267 20221003151196
20221003150267 20221003150270
20221003150267 20221014190105
20221003150267 20221024131549
20221003150267 20221003150268
20221003150267 20221003150269
20221003150367 20221014190047
20221003150367 20221003150371
20221003150467 20221013222124
20221003150467 20221014190039
20221003150467 20221009005402
20221003150467 20221003150469
20221003150567 20221014190001
20221003150567 20221003150838
20221003150567 20221003150312
20221003150667 20221014185929
20221003150667 20221003150673
20221003150767 20221014185901
20221003150767 20221003150771
20221003150867 20221013222124
20221003150867 20221014185825
20221003150867 20221003150868
20221003150867 20221006010531
20221003150967 20221003151147
20221003150967 20221009102436
20221003150967 20221003151172
20221003150967 20221003151144
20221003150967 20221008061845
20221003150967 20221003150677
20221003150967 20221009005402
20221003151067 20221014185715
20221003151067 20221003151066
20221003151067 20221005200242
20221003151167 20221014185634
20221003151167 20221003150870
20221003151167 20221013185656
20221003151167 20221003151221
20221003151167 20221003151192
20221003151167 20221008215139
20221003151167 20221008215325
20221003151167 20221008215739
20221003151267 20221013021614
20221003151267 20221011145143
20221003151267 20221003151266
20221003151267 20221003151265
20221003151267 20221003151264
20221003151267 20221022232030
20221003151267 20221014154934
20221003151267 20221014190236
20221003151267 20221014153143
20221003151267 20221014073148
20221003151267 20221012102820
20221003151267 20221011085218
20221003151267 20221010153630
20221003151267 20221010074318
20221003151267 20221009162538
20221003151267 20221008210746
20221003151267 20221007043646
20221003151267 20221005200242
20221003151367 20221014185450
20221003151367 20221003151339
20221003151367 20221003151424
20221003151367 20221007194303
