20221003150068 20221014185504
20221003150068 20221003150071
20221003150168 20221013222124
20221003150168 20221006025356
20221003150168 20221014190151
20221003150168 20221003150167
20221003150168 20221003150166
20221003150268 20221003150267
20221003150268 20221014190105
20221003150268 20221003150270
20221003150268 20221024131549
20221003150268 20221003151196
20221003150368 20221014190047
20221003150368 20221003150370
20221003150368 20221003150369
20221003150468 20221013222124
20221003150468 20221014190039
20221003150468 20221009005402
20221003150468 20221003150469
20221003150568 20221014190001
20221003150568 20221003150838
20221003150568 20221003151124
20221003150668 20221014185929
20221003150668 20221003150673
20221003150768 20221014185901
20221003150768 20221003150771
20221003150868 20221013222124
20221003150868 20221014185825
20221003150868 20221003150871
20221003150868 20221003150867
20221003150968 20221014185747
20221003150968 20221003151183
20221003150968 20221018160416
20221003150968 20221003150252
20221003150968 20221003151193
20221003150968 20221003151191
20221003150968 20221008221822
20221003151068 20221014185713
20221003151068 20221003151070
20221003151168 20221014185632
20221003151168 20221009102436
20221003151168 20221008221822
20221003151168 20221003151192
20221003151168 20221003150242
20221003151268 20221014185447
20221003151268 20221009014200
20221003151268 20221012101349
20221003151268 20221009015743
20221003151268 20221006025356
20221003151368 20221014185450
20221003151368 20221003151424
20221003151368 20221003150642
20221003151368 20221003150647
20221003151368 20221003150648
