20221003150069 20221014185504
20221003150069 20221008024933
20221003150069 20221003150071
20221003150169 20221003150171
20221003150169 20221014190149
20221003150269 20221003150267
20221003150269 20221014190105
20221003150269 20221003150270
20221003150269 20221024131549
20221003150369 20221014190047
20221003150369 20221003150370
20221003150369 20221003150368
20221003150469 20221013222124
20221003150469 20221014190039
20221003150469 20221014142356
20221003150469 20221009005402
20221003150469 20221003150476
20221003150469 20221003150468
20221003150469 20221003150467
20221003150469 20221005200242
20221003150569 20221014190001
20221003150569 20221009005402
20221003150669 20221014185929
20221003150669 20221003150673
20221003150769 20221014185901
20221003150769 20221009005402
20221003150769 20221003150771
20221003150869 20221013222124
20221003150869 20221014185825
20221003150869 20221013192245
20221003150869 20221003150871
20221003150969 20221014185745
20221003150969 20221003150970
20221003151069 20221014185713
20221003151069 20221003151070
20221003151169 20221003150665
20221003151169 20221014185631
20221003151169 20221003151175
20221003151169 20221009102436
20221003151169 20221006025356
20221003151169 20221003151200
20221003151169 20221003151198
20221003151169 20221003151213
20221003151269 20221014185446
20221003151269 20221009015558
20221003151269 20221003151271
20221003151369 20221014185450
20221003151369 20221013194055
20221003151369 20221003151274
20221003151369 20221003151424
