20221003150170 20221014190149
20221003150170 20221003150171
20221003150270 20221003150267
20221003150270 20221003151196
20221003150270 20221003150269
20221003150270 20221003150268
20221003150270 20221014190105
20221003150270 20221024131549
20221003150370 20221003150369
20221003150370 20221003150368
20221003150370 20221003150371
20221003150370 20221014190047
20221003150470 20221013222124
20221003150470 20221014190039
20221003150470 20221009005402
20221003150470 20221003150476
20221003150670 20221014185929
20221003150670 20221009005402
20221003150670 20221003150673
20221003150770 20221014185901
20221003150770 20221003150771
20221003150870 20221003151167
20221003150870 20221013222124
20221003150870 20221014185825
20221003150870 20221013192245
20221003150870 20221009005402
20221003150870 20221008215325
20221003150870 20221003150871
20221003150970 20221003151192
20221003150970 20221003151006
20221003150970 20221014185745
20221003150970 20221006215353
20221003150970 20221003150969
20221003151070 20221014185713
20221003151070 20221003151069
20221003151070 20221003151068
20221003151070 20221005200242
20221003151170 20221003151152
20221003151170 20221014185629
20221003151170 20221009102436
20221003151170 20221007220451
20221003151170 20221007044552
20221003151170 20221003151172
20221003151270 20221014185446
20221003151270 20221007220451
20221003151270 20221003151271
20221003151370 20221014185450
20221003151370 20221003151424
