20221003150071 20221003150067
20221003150071 20221008214631
20221003150071 20221014185504
20221003150071 20221012135747
20221003150071 20221008024933
20221003150071 20221007043259
20221003150071 20221003150069
20221003150071 20221003150068
20221003150171 20221003150170
20221003150171 20221003150169
20221003150171 20221014190149
20221003150171 20221003151210
20221003150271 20221014190103
20221003150271 20221006214348
20221003150271 20221011092421
20221003150271 20221007220451
20221003150271 20221008215655
20221003150271 20221003150801
20221003150271 20221003150791
20221003150271 20221003150789
20221003150371 20221003150449
20221003150371 20221003150370
20221003150371 20221003150367
20221003150371 20221014190047
20221003150371 20221003151175
20221003150371 20221013185837
20221003150371 20221007220451
20221003150371 20221003151207
20221003150371 20221003151210
20221003150371 20221014181941
20221003150471 20221013222124
20221003150471 20221014190039
20221003150471 20221003150472
20221003150571 20221013175957
20221003150571 20221003150592
20221003150571 20221013171453
20221003150571 20221014185959
20221003150671 20221014185929
20221003150671 20221009005402
20221003150671 20221003150673
20221003150671 20221005200242
20221003150771 20221014185901
20221003150771 20221003150776
20221003150771 20221003150770
20221003150771 20221003150769
20221003150771 20221003150768
20221003150771 20221003150767
20221003150771 20221005200242
20221003150871 20221003150277
20221003150871 20221003150745
20221003150871 20221013222124
20221003150871 20221014185825
20221003150871 20221013192245
20221003150871 20221003150276
20221003150871 20221003150870
20221003150871 20221003150869
20221003150871 20221003150868
20221003150971 20221014185744
20221003150971 20221003151005
20221003150971 20221003151006
20221003150971 20221003151186
20221003150971 20221019143424
20221003150971 20221003150976
20221003150971 20221006215353
20221003151071 20221014185712
20221003151071 20221003151072
20221003151171 20221014185629
20221003151171 20221009102436
20221003151171 20221009005402
20221003151171 20221007220451
20221003151171 20221007044552
20221003151171 20221003151172
20221003151271 20221003150185
20221003151271 20221003151270
20221003151271 20221003151269
20221003151271 20221013222124
20221003151271 20221014185446
20221003151271 20221009015558
20221003151271 20221009015032
20221003151271 20221008212519
20221003151371 20221014185450
20221003151371 20221012144502
20221003151371 20221006054727
20221003151371 20221003151424
