20221003150072 20221003150067
20221003150072 20221008214631
20221003150072 20221014185502
20221003150072 20221007043259
20221003150172 20221003151301
20221003150172 20221014190147
20221003150172 20221003150174
20221003150172 20221003151299
20221003150172 20221003150173
20221003150272 20221014190102
20221003150272 20221003150274
20221003150372 20221012153512
20221003150372 20221012153227
20221003150372 20221008213254
20221003150472 20221013222124
20221003150472 20221014190039
20221003150472 20221003150475
20221003150472 20221003150471
20221003150572 20221014185958
20221003150572 20221003150573
20221003150672 20221014185929
20221003150672 20221009005402
20221003150672 20221003150673
20221003150772 20221014185901
20221003150772 20221003150773
20221003150872 20221014185823
20221003150872 20221003150873
20221003150972 20221014185742
20221003150972 20221013192245
20221003150972 20221013185656
20221003150972 20221012211416
20221003150972 20221009005402
20221003150972 20221008215139
20221003150972 20221008215325
20221003151072 20221014185712
20221003151072 20221007220451
20221003151072 20221003151073
20221003151072 20221003151071
20221003151072 20221005200242
20221003151172 20221003151026
20221003151172 20221003151205
20221003151172 20221003151202
20221003151172 20221003150485
20221003151172 20221003150477
20221003151172 20221019150132
20221003151172 20221003150752
20221003151172 20221003150751
20221003151172 20221017172946
20221003151172 20221003150464
20221003151172 20221014185629
20221003151172 20221003151175
20221003151172 20221003150488
20221003151172 20221003150425
20221003151172 20221003151207
20221003151172 20221003150628
20221003151172 20221003151198
20221003151172 20221011181920
20221003151172 20221003151206
20221003151172 20221003150473
20221003151172 20221003150967
20221003151172 20221013192245
20221003151172 20221013190422
20221003151172 20221003150352
20221003151172 20221013174958
20221003151172 20221003150357
20221003151172 20221003151053
20221003151172 20221003151030
20221003151172 20221003151218
20221003151172 20221003151203
20221003151172 20221003151201
20221003151172 20221009192000
20221003151172 20221009102436
20221003151172 20221009005402
20221003151172 20221007220451
20221003151172 20221006214729
20221003151172 20221003151171
20221003151172 20221003151170
20221003151172 20221003150360
20221003151172 20221003150381
20221003151172 20221015022512
20221003151172 20221003151137
20221003151172 20221003150778
20221003151272 20221017070405
20221003151272 20221014185444
20221003151272 20221009021452
20221003151272 20221009015743
20221003151372 20221014185450
20221003151372 20221006191703
20221003151372 20221003151424
