20221003150073 20221003150175
20221003150073 20221014185501
20221003150073 20221003151332
20221003150073 20221008214631
20221003150073 20221003151299
20221003150073 20221003151329
20221003150073 20221003150067
20221003150073 20221003151424
20221003150073 20221006035818
20221003150173 20221003151259
20221003150173 20221012070836
20221003150173 20221014190147
20221003150173 20221003150174
20221003150173 20221003150172
20221003150273 20221014190102
20221003150273 20221009005402
20221003150273 20221003150274
20221003150373 20221014190047
20221003150373 20221003150375
20221003150373 20221003150376
20221003150373 20221003150374
20221003150473 20221013222124
20221003150473 20221014190039
20221003150473 20221003151207
20221003150473 20221003151172
20221003150473 20221009005402
20221003150473 20221003150475
20221003150573 20221014185958
20221003150573 20221003150576
20221003150573 20221003150572
20221003150573 20221005200242
20221003150673 20221019150132
20221003150673 20221019150908
20221003150673 20221009014200
20221003150673 20221017182222
20221003150673 20221003151153
20221003150673 20221017180938
20221003150673 20221003150348
20221003150673 20221014185929
20221003150673 20221009005402
20221003150673 20221008212802
20221003150673 20221008215530
20221003150673 20221007220451
20221003150673 20221003150672
20221003150673 20221003150671
20221003150673 20221003150670
20221003150673 20221003150669
20221003150673 20221003150668
20221003150673 20221003150667
20221003150673 20221003151374
20221003150773 20221014185901
20221003150773 20221003150775
20221003150773 20221003150772
20221003150873 20221014185823
20221003150873 20221003150565
20221003150873 20221009005402
20221003150873 20221003150872
20221003150873 20221005200242
20221003150973 20221014185741
20221003150973 20221003150134
20221003150973 20221003151195
20221003150973 20221003151129
20221003151073 20221014185712
20221003151073 20221003151072
20221003151073 20221005200242
20221003151173 20221014185628
20221003151173 20221009102436
20221003151173 20221009005402
20221003151173 20221007044552
20221003151173 20221003151174
20221003151273 20221014185443
20221003151273 20221009015558
20221003151273 20221008212929
20221003151373 20221012094712
20221003151373 20221014185450
20221003151373 20221003151424
