20221003150074 20221014190219
20221003150074 20221003150075
20221003150174 20221015004120
20221003150174 20221012135747
20221003150174 20221012070318
20221003150174 20221008212802
20221003150174 20221003151299
20221003150174 20221014190147
20221003150174 20221003150173
20221003150174 20221003150172
20221003150274 20221003150273
20221003150274 20221003150272
20221003150274 20221014190102
20221003150374 20221003150373
20221003150374 20221014190047
20221003150374 20221003150375
20221003150474 20221013222124
20221003150474 20221014190039
20221003150474 20221009005402
20221003150474 20221003150475
20221003150574 20221014185958
20221003150574 20221003150575
20221003150674 20221014185927
20221003150674 20221009005402
20221003150674 20221003150677
20221003150774 20221014185901
20221003150774 20221003150527
20221003150774 20221009005402
20221003150774 20221003150775
20221003150874 20221013173355
20221003150874 20221014185822
20221003150874 20221003151192
20221003150874 20221008221822
20221003150874 20221003150683
20221003150874 20221009014200
20221003150874 20221007220451
20221003150974 20221014185739
20221003150974 20221009005402
20221003150974 20221007220451
20221003150974 20221003150975
20221003151074 20221014185710
20221003151074 20221009005402
20221003151074 20221003151076
20221003151074 20221003151081
20221003151174 20221003150862
20221003151174 20221003150823
20221003151174 20221003150346
20221003151174 20221003150859
20221003151174 20221015014643
20221003151174 20221014185628
20221003151174 20221014181941
20221003151174 20221003151175
20221003151174 20221013184806
20221003151174 20221003150251
20221003151174 20221003151322
20221003151174 20221012070318
20221003151174 20221009102436
20221003151174 20221009005402
20221003151174 20221003151173
20221003151274 20221014185441
20221003151274 20221013035124
20221003151274 20221013194055
20221003151274 20221009172351
20221003151274 20221008212802
20221003151274 20221003151369
20221003151274 20221003151366
20221003151274 20221003151275
20221003151274 20221003151265
20221003151274 20221003151215
20221003151274 20221003150632
20221003151274 20221003150622
20221003151274 20221003150298
20221003151274 20221003150215
20221003151274 20221003150214
20221003151274 20221003150213
20221003151274 20221003150199
20221003151274 20221003150182
20221003151274 20221003150181
20221003151274 20221003150180
20221003151274 20221003150179
20221003151274 20221003150137
20221003151274 20221003150097
20221003151374 20221003150673
20221003151374 20221014185450
20221003151374 20221009015558
20221003151374 20221009015743
20221003151374 20221009005402
20221003151374 20221003151424
20221003151374 20221003151391
