20221003150075 20221003150076
20221003150075 20221010222312
20221003150075 20221024082446
20221003150075 20221008050923
20221003150075 20221003150074
20221003150075 20221003150079
20221003150075 20221003150081
20221003150075 20221014154934
20221003150075 20221013222336
20221003150075 20221012065200
20221003150075 20221010180841
20221003150075 20221014190219
20221003150075 20221028185008
20221003150175 20221009014200
20221003150175 20221006025356
20221003150175 20221012135747
20221003150175 20221008214631
20221003150175 20221003150073
20221003150175 20221014190146
20221003150175 20221003150176
20221003150175 20221006035818
20221003150275 20221014190100
20221003150275 20221007220451
20221003150275 20221003150259
20221003150275 20221003150563
20221003150275 20221003150561
20221003150275 20221003150554
20221003150275 20221009005402
20221003150375 20221003150374
20221003150375 20221003150373
20221003150375 20221014190047
20221003150375 20221003150376
20221003150475 20221013222124
20221003150475 20221014190039
20221003150475 20221009005402
20221003150475 20221003150476
20221003150475 20221003150474
20221003150475 20221003150473
20221003150475 20221003150472
20221003150475 20221005200242
20221003150475 20221003150360
20221003150575 20221014185958
20221003150675 20221014185927
20221003150675 20221009015558
20221003150675 20221009005402
20221003150675 20221003150676
20221003150775 20221014185901
20221003150775 20221003150527
20221003150775 20221003150776
20221003150775 20221003150774
20221003150775 20221003150773
20221003150775 20221005200242
20221003150875 20221014185820
20221003150875 20221003150876
20221003150975 20221017084532
20221003150975 20221014185739
20221003150975 20221003150974
20221003151075 20221014185710
20221003151075 20221009005402
20221003151075 20221003151076
20221003151075 20221003151081
20221003151175 20221014185626
20221003151175 20221015022512
20221003151175 20221003151195
20221003151175 20221003151179
20221003151175 20221003151169
20221003151175 20221003151194
20221003151175 20221003151198
20221003151175 20221003151192
20221003151175 20221003151191
20221003151175 20221003151190
20221003151175 20221003151186
20221003151175 20221003151182
20221003151175 20221003151177
20221003151175 20221003151174
20221003151175 20221003151172
20221003151175 20221003150989
20221003151175 20221003150526
20221003151175 20221008081231
20221003151175 20221003151441
20221003151175 20221003150662
20221003151175 20221003151184
20221003151175 20221009102436
20221003151175 20221007044552
20221003151175 20221003151039
20221003151175 20221003150439
20221003151175 20221003150371
20221003151175 20221003150341
20221003151175 20221009005402
20221003151175 20221003151193
20221003151275 20221014185440
20221003151275 20221017070405
20221003151275 20221014181941
20221003151275 20221013194055
20221003151275 20221003151274
20221003151275 20221009021452
20221003151275 20221008181005
20221003151375 20221014185450
20221003151375 20221003151424
20221003151375 20221007220451
20221003151375 20221003151200
