20221003150076 20221014190218
20221003150076 20221010222312
20221003150076 20221009162948
20221003150076 20221008214631
20221003150076 20221008061845
20221003150076 20221003150080
20221003150076 20221003150079
20221003150076 20221003150075
20221003150076 20221024082446
20221003150176 20221008212802
20221003150176 20221012135747
20221003150176 20221014190146
20221003150176 20221008024933
20221003150176 20221003150175
20221003150276 20221014190100
20221003150276 20221013192245
20221003150276 20221008215139
20221003150276 20221013185406
20221003150276 20221009014200
20221003150276 20221008215400
20221003150276 20221007220451
20221003150276 20221006025356
20221003150276 20221003151397
20221003150276 20221003150926
20221003150276 20221003150871
20221003150376 20221003150373
20221003150376 20221014190047
20221003150376 20221003150375
20221003150476 20221003150475
20221003150476 20221003150470
20221003150476 20221003150469
20221003150476 20221003150466
20221003150476 20221003150488
20221003150476 20221003150487
20221003150476 20221003150486
20221003150476 20221003150485
20221003150476 20221003150481
20221003150476 20221003150480
20221003150476 20221003150479
20221003150476 20221003151101
20221003150476 20221003150730
20221003150476 20221013222124
20221003150476 20221014190039
20221003150476 20221014142356
20221003150476 20221003150757
20221003150476 20221009005402
20221003150476 20221006214729
20221003150476 20221005200242
20221003150576 20221014185958
20221003150576 20221009005402
20221003150576 20221003150575
20221003150576 20221003150573
20221003150576 20221005200242
20221003150576 20221008042814
20221003150676 20221006214729
20221003150676 20221014185927
20221003150676 20221009015558
20221003150676 20221009005402
20221003150676 20221003150677
20221003150676 20221003150675
20221003150776 20221014185901
20221003150776 20221003150777
20221003150776 20221003150775
20221003150776 20221003150771
20221003150776 20221005200242
20221003150876 20221014185820
20221003150876 20221003150875
20221003150876 20221005200242
20221003150976 20221014185738
20221003150976 20221003151183
20221003150976 20221003151186
20221003150976 20221003150971
20221003150976 20221003150996
20221003150976 20221003151005
20221003150976 20221003151192
20221003151076 20221003151075
20221003151076 20221003151074
20221003151076 20221014185710
20221003151076 20221009005402
20221003151076 20221008215655
20221003151076 20221007220451
20221003151076 20221003151081
20221003151176 20221009102436
20221003151176 20221003151218
20221003151176 20221014185625
20221003151176 20221003150959
20221003151176 20221003151195
20221003151176 20221003150357
20221003151176 20221012145054
20221003151276 20221019143615
20221003151276 20221003151340
20221003151276 20221014190227
20221003151276 20221003150211
20221003151276 20221003151300
20221003151276 20221012153512
20221003151276 20221003151278
20221003151376 20221014185450
20221003151376 20221003151424
20221003151376 20221003151377
