20221003150077 20221014190216
20221003150077 20221003150078
20221003150177 20221011175709
20221003150177 20221010074318
20221003150177 20221009162948
20221003150177 20221007043259
20221003150277 20221003151213
20221003150277 20221013192245
20221003150277 20221013185120
20221003150277 20221003150871
20221003150277 20221014190059
20221003150277 20221003150279
20221003150377 20221014190047
20221003150377 20221003150380
20221003150377 20221013171453
20221003150377 20221003150978
20221003150477 20221003150482
20221003150477 20221003151097
20221003150477 20221003151172
20221003150477 20221014190037
20221003150577 20221014185956
20221003150577 20221018160416
20221003150577 20221008215655
20221003150577 20221008215530
20221003150577 20221008215325
20221003150577 20221007220451
20221003150677 20221003150676
20221003150677 20221003151147
20221003150677 20221003150674
20221003150677 20221017180938
20221003150677 20221014185927
20221003150677 20221003150967
20221003150677 20221009005402
20221003150777 20221017180938
20221003150777 20221013175128
20221003150777 20221014185901
20221003150777 20221003150527
20221003150777 20221003150776
20221003150777 20221003150766
20221003150777 20221003150760
20221003150777 20221003150758
20221003150777 20221003150757
20221003150777 20221005200242
20221003150877 20221003150879
20221003150877 20221014185819
20221003150877 20221009005402
20221003150977 20221014185736
20221003150977 20221003150978
20221003151077 20221014185710
20221003151077 20221003151080
20221003151077 20221003151081
20221003151177 20221003150640
20221003151177 20221015014643
20221003151177 20221003151175
20221003151177 20221003151191
20221003151177 20221009005402
20221003151177 20221007044552
20221003151177 20221006185420
20221003151277 20221014190227
20221003151277 20221003150211
20221003151277 20221012153512
20221003151277 20221009005402
20221003151277 20221003151278
20221003151277 20221006034046
20221003151277 20221024070910
20221003151377 20221003151376
20221003151377 20221014185450
20221003151377 20221003151424
