20221003150078 20221014190216
20221003150078 20221012065200
20221003150078 20221010180841
20221003150078 20221003150079
20221003150078 20221003150077
20221003150178 20221014190144
20221003150178 20221013194055
20221003150178 20221003150179
20221003150278 20221014190059
20221003150278 20221003150279
20221003150578 20221014185955
20221003150578 20221009005402
20221003150578 20221003150582
20221003150678 20221014185926
20221003150678 20221003150681
20221003150778 20221014185900
20221003150778 20221009005402
20221003150778 20221007220451
20221003150778 20221003150779
20221003150778 20221003151172
20221003150978 20221003150377
20221003150978 20221003150380
20221003150978 20221012153512
20221003150978 20221012152319
20221003150978 20221014185736
20221003150978 20221012154324
20221003150978 20221003150977
20221003151078 20221014185710
20221003151078 20221003151079
20221003151078 20221003151081
20221003151078 20221003151080
20221003151178 20221014185622
20221003151178 20221020203509
20221003151178 20221003151023
20221003151178 20221003151021
20221003151178 20221003151210
20221003151178 20221003151209
20221003151178 20221015010704
20221003151178 20221015004252
20221003151178 20221008214935
20221003151178 20221003150240
20221003151178 20221003151192
20221003151178 20221008081231
20221003151178 20221007194303
20221003151278 20221003151277
20221003151278 20221003151276
20221003151278 20221003151328
20221003151278 20221019143615
20221003151278 20221003151340
20221003151278 20221014190227
20221003151278 20221003150211
20221003151278 20221013190051
20221003151278 20221012153512
20221003151278 20221010175613
20221003151278 20221008050923
20221003151278 20221006034046
20221003151378 20221014185450
20221003151378 20221009015558
20221003151378 20221009015743
20221003151378 20221003151424
20221003151378 20221003150786
20221003151378 20221003151391
