20221003150079 20221022000131
20221003150079 20221008050923
20221003150079 20221003150078
20221003150079 20221010222312
20221003150079 20221003150076
20221003150079 20221003150081
20221003150079 20221014154934
20221003150079 20221014071406
20221003150079 20221013222336
20221003150079 20221012065200
20221003150079 20221010180841
20221003150079 20221020000848
20221003150079 20221012070318
20221003150079 20221014160551
20221003150079 20221014190216
20221003150079 20221024082446
20221003150079 20221003150075
20221003150179 20221020044600
20221003150179 20221018050715
20221003150179 20221008215400
20221003150179 20221014190144
20221003150179 20221003151274
20221003150179 20221003150182
20221003150179 20221003150178
20221003150279 20221003150278
20221003150279 20221003150277
20221003150279 20221014190059
20221003150279 20221008215325
20221003150279 20221003150281
20221003150279 20221003150721
20221003150479 20221003151101
20221003150479 20221003150476
20221003150479 20221014190037
20221003150479 20221003150482
20221003150579 20221014185955
20221003150579 20221003150581
20221003150679 20221014185926
20221003150679 20221003150681
20221003150779 20221014185900
20221003150779 20221003151201
20221003150779 20221003150780
20221003150779 20221003150778
20221003150879 20221003150877
20221003150879 20221014185819
20221003150879 20221008215655
20221003150879 20221007220451
20221003150879 20221003151208
20221003150979 20221014185735
20221003150979 20221003151204
20221003150979 20221003150983
20221003151079 20221014185710
20221003151079 20221009005402
20221003151079 20221003151080
20221003151079 20221003151078
20221003151079 20221003151081
20221003151179 20221003151213
20221003151179 20221003150623
20221003151179 20221014185620
20221003151179 20221003150822
20221003151179 20221003150821
20221003151179 20221003150820
20221003151179 20221003151175
20221003151179 20221007220451
20221003151179 20221009102436
20221003151179 20221014164014
20221003151179 20221009005402
20221003151279 20221014190226
20221003151279 20221003151280
20221003151279 20221025045053
20221003151279 20221025045945
20221003151279 20221008214935
20221003151379 20221014185450
20221003151379 20221008054623
20221003151379 20221003151424
20221003151379 20221003151380
