20221003150080 20221013222124
20221003150080 20221014190215
20221003150080 20221011145037
20221003150080 20221008212802
20221003150080 20221012070318
20221003150080 20221014160244
20221003150080 20221003150076
20221003150080 20221010074318
20221003150180 20221014190144
20221003150180 20221013194055
20221003150180 20221003151274
20221003150180 20221007220451
20221003150180 20221003150182
20221003150280 20221014190059
20221003150280 20221003150281
20221003150380 20221003150377
20221003150380 20221003150978
20221003150380 20221003151204
20221003150380 20221014190047
20221003150380 20221007194303
20221003150480 20221003150476
20221003150480 20221014190037
20221003150480 20221003150482
20221003150580 20221014185955
20221003150580 20221003150581
20221003150680 20221014185926
20221003150680 20221003150681
20221003150780 20221014185900
20221003150780 20221003150779
20221003150780 20221005200242
20221003150880 20221014185817
20221003150880 20221003150890
20221003150880 20221003150445
20221003150880 20221013190422
20221003150880 20221006025356
20221003150880 20221003151210
20221003150880 20221003151208
20221003150980 20221003151192
20221003150980 20221003150985
20221003150980 20221014185735
20221003150980 20221003151204
20221003150980 20221012153512
20221003150980 20221003150983
20221003151080 20221003151078
20221003151080 20221003151079
20221003151080 20221003151077
20221003151080 20221014185710
20221003151080 20221007220451
20221003151080 20221003151081
20221003151180 20221015014643
20221003151180 20221013222124
20221003151180 20221014185619
20221003151180 20221003151191
20221003151180 20221003151192
20221003151180 20221009102436
20221003151180 20221009005402
20221003151180 20221007044552
20221003151180 20221003151193
20221003151280 20221014190226
20221003151280 20221003151281
20221003151280 20221003151279
20221003151280 20221005200242
20221003151380 20221003151379
20221003151380 20221014185450
20221003151380 20221010142810
20221003151380 20221009015558
20221003151380 20221008054623
20221003151380 20221003151424
