20221003150081 20221010222312
20221003150081 20221003150079
20221003150081 20221003150075
20221003150081 20221014190213
20221003150081 20221009015558
20221003150081 20221013035616
20221003150081 20221010180841
20221003150181 20221013222124
20221003150181 20221014190144
20221003150181 20221013194055
20221003150181 20221003151274
20221003150181 20221007062330
20221003150181 20221003150182
20221003150281 20221022210052
20221003150281 20221014190059
20221003150281 20221003150280
20221003150281 20221003150279
20221003150281 20221003150724
20221003150381 20221014190047
20221003150381 20221013171453
20221003150381 20221003151047
20221003150381 20221003151048
20221003150381 20221003151172
20221003150381 20221003151207
20221003150381 20221003150381
20221003150481 20221003151207
20221003150481 20221003150476
20221003150481 20221014190037
20221003150481 20221003150482
20221003150581 20221014185955
20221003150581 20221003151192
20221003150581 20221009005402
20221003150581 20221003150582
20221003150581 20221003150580
20221003150581 20221003150579
20221003150681 20221003150680
20221003150681 20221003150679
20221003150681 20221003150678
20221003150681 20221003151165
20221003150681 20221014185926
20221003150781 20221003151198
20221003150781 20221014185858
20221003150781 20221003150782
20221003150881 20221014185816
20221003150881 20221003151209
20221003150881 20221003151335
20221003150981 20221003150987
20221003150981 20221003150988
20221003150981 20221014185735
20221003150981 20221003151204
20221003150981 20221012153512
20221003150981 20221003150983
20221003151081 20221003151080
20221003151081 20221003151076
20221003151081 20221019003259
20221003151081 20221014185710
20221003151081 20221008215655
20221003151081 20221007220451
20221003151081 20221003151074
20221003151081 20221003151075
20221003151081 20221003151077
20221003151081 20221003151078
20221003151081 20221003151079
20221003151081 20221003151207
20221003151181 20221014185619
20221003151181 20221009102436
20221003151181 20221009005402
20221003151181 20221007044552
20221003151181 20221003151182
20221003151281 20221017070405
20221003151281 20221014190226
20221003151281 20221007193634
20221003151281 20221006072230
20221003151281 20221003151280
20221003151281 20221005200242
20221003151281 20221025045053
20221003151381 20221014185450
20221003151381 20221003151424
