20221003150082 20221014185449
20221003150082 20221003151424
20221003150082 20221004212452
20221003150182 20221020044600
20221003150182 20221014190144
20221003150182 20221014160551
20221003150182 20221013194055
20221003150182 20221003151274
20221003150182 20221012070318
20221003150182 20221003150181
20221003150182 20221003150180
20221003150182 20221003150179
20221003150282 20221014190057
20221003150282 20221009005402
20221003150282 20221008212802
20221003150282 20221003150289
20221003150282 20221003150283
20221003150482 20221003150477
20221003150482 20221003150481
20221003150482 20221003150480
20221003150482 20221003150479
20221003150482 20221003150730
20221003150482 20221014190037
20221003150482 20221013173355
20221003150482 20221003151241
20221003150582 20221003151225
20221003150582 20221003151014
20221003150582 20221003150581
20221003150582 20221003150578
20221003150582 20221003150559
20221003150582 20221014185955
20221003150582 20221009005402
20221003150582 20221003150551
20221003150682 20221014185924
20221003150682 20221003150683
20221003150782 20221003150781
20221003150782 20221014185858
20221003150782 20221013173355
20221003150782 20221003150786
20221003150782 20221009015558
20221003150882 20221014185814
20221003150882 20221003150916
20221003150882 20221003151209
20221003150882 20221003151210
20221003150982 20221014185735
20221003150982 20221003150983
20221003151082 20221009005402
20221003151182 20221008213825
20221003151182 20221003151175
20221003151182 20221014185619
20221003151182 20221013180230
20221003151182 20221003150436
20221003151182 20221003151192
20221003151182 20221009102436
20221003151182 20221009005402
20221003151182 20221007220451
20221003151182 20221003151193
20221003151182 20221003151181
20221003151282 20221014190224
20221003151282 20221003151283
20221003151282 20221003151284
20221003151382 20221014185450
20221003151382 20221010064819
20221003151382 20221003151424
20221003151382 20221003151383
20221003151382 20221003151384
