20221003150083 20221014185449
20221003150083 20221003151424
20221003150083 20221004212452
20221003150183 20221014190143
20221003150183 20221003150184
20221003150183 20221009015558
20221003150183 20221008061845
20221003150283 20221003150282
20221003150283 20221014190057
20221003150283 20221003150289
20221003150483 20221013035124
20221003150483 20221007062330
20221003150483 20221014190037
20221003150483 20221009005402
20221003150483 20221008042814
20221003150483 20221003150484
20221003150483 20221005200242
20221003150583 20221014185953
20221003150583 20221003150584
20221003150683 20221014185924
20221003150683 20221003150874
20221003150683 20221003151241
20221003150683 20221009005402
20221003150683 20221009001740
20221003150683 20221007220451
20221003150683 20221003150682
20221003150683 20221005200242
20221003150783 20221014185858
20221003150783 20221003150784
20221003150883 20221014185813
20221003150883 20221007220451
20221003150883 20221003150884
20221003150983 20221003151233
20221003150983 20221014185735
20221003150983 20221003151204
20221003150983 20221012153512
20221003150983 20221009005402
20221003150983 20221003150988
20221003150983 20221003150982
20221003150983 20221003150981
20221003150983 20221003150980
20221003150983 20221003150979
20221003150983 20221005200242
20221003151083 20221010142810
20221003151083 20221009015558
20221003151183 20221003151020
20221003151183 20221003150968
20221003151183 20221003150976
20221003151183 20221003151186
20221003151183 20221003151184
20221003151183 20221014185619
20221003151183 20221003151192
20221003151183 20221009102436
20221003151183 20221009005402
20221003151183 20221003151193
20221003151283 20221014190224
20221003151283 20221003151284
20221003151283 20221003151282
20221003151383 20221003151382
20221003151383 20221014185450
20221003151383 20221010152742
20221003151383 20221003151424
20221003151383 20221003151384
