20221003150084 20221014185449
20221003150084 20221003151424
20221003150084 20221004212452
20221003150184 20221003150183
20221003150184 20221014190143
20221003150184 20221009014200
20221003150184 20221006025356
20221003150284 20221014190057
20221003150284 20221003150286
20221003150284 20221003150313
20221003150384 20221019150132
20221003150384 20221014190047
20221003150384 20221003150425
20221003150384 20221003150389
20221003150484 20221014190037
20221003150484 20221009005402
20221003150484 20221003150485
20221003150584 20221014185953
20221003150584 20221003150590
20221003150584 20221003150583
20221003150584 20221005200242
20221003150684 20221018133841
20221003150684 20221003151439
20221003150684 20221003151399
20221003150684 20221003151227
20221003150684 20221003150728
20221003150784 20221014185858
20221003150784 20221013173355
20221003150784 20221003150786
20221003150784 20221003150783
20221003150884 20221014185813
20221003150884 20221009005402
20221003150884 20221008213254
20221003150884 20221007220451
20221003150884 20221003150883
20221003150884 20221005200242
20221003150984 20221014185735
20221003150984 20221003151204
20221003150984 20221012153512
20221003150984 20221009005402
20221003150984 20221003150987
20221003150984 20221003150985
20221003151084 20221014185706
20221003151084 20221009005402
20221003151084 20221003151085
20221003151184 20221008213825
20221003151184 20221003151025
20221003151184 20221019151504
20221003151184 20221003150849
20221003151184 20221003150709
20221003151184 20221003151408
20221003151184 20221017060902
20221003151184 20221003151183
20221003151184 20221003151175
20221003151184 20221014185619
20221003151184 20221003150291
20221003151184 20221013180230
20221003151184 20221003151192
20221003151184 20221009102436
20221003151184 20221009005402
20221003151184 20221007220451
20221003151184 20221007044552
20221003151184 20221003151193
20221003151184 20221003150989
20221003151284 20221003151283
20221003151284 20221012094712
20221003151284 20221014190224
20221003151284 20221008212802
20221003151284 20221009014200
20221003151284 20221008042814
20221003151284 20221003151282
20221003151384 20221003151382
20221003151384 20221014185450
20221003151384 20221003151424
20221003151384 20221003151383
