20221003150085 20221014185449
20221003150085 20221003150565
20221003150085 20221003151424
20221003150085 20221004212452
20221003150185 20221003151271
20221003150185 20221014190141
20221003150185 20221003150187
20221003150285 20221014190057
20221003150285 20221010064819
20221003150285 20221003150286
20221003150385 20221014190047
20221003150385 20221003150389
20221003150485 20221003151172
20221003150485 20221003150476
20221003150485 20221014190037
20221003150485 20221009005402
20221003150485 20221003150486
20221003150485 20221003150484
20221003150585 20221014185953
20221003150585 20221003150590
20221003150685 20221014185923
20221003150685 20221018175658
20221003150685 20221013222124
20221003150685 20221003151299
20221003150685 20221007220451
20221003150785 20221014185858
20221003150785 20221003150786
20221003150885 20221014185811
20221003150885 20221003150890
20221003150985 20221003150984
20221003150985 20221003150980
20221003150985 20221003150709
20221003150985 20221009005402
20221003150985 20221003151204
20221003150985 20221014185735
20221003150985 20221012153512
20221003150985 20221003150987
20221003151085 20221003151200
20221003151085 20221014185706
20221003151085 20221009005402
20221003151085 20221003151084
20221003151185 20221003151191
20221003151185 20221014185619
20221003151185 20221009102436
20221003151185 20221009005402
20221003151185 20221007044552
20221003151185 20221006215135
20221003151185 20221003151193
20221003151285 20221014190222
20221003151285 20221003151204
20221003151285 20221012153512
20221003151285 20221003151286
20221003151385 20221014185450
20221003151385 20221003151424
20221003151385 20221003151386
