20221003150086 20221014185449
20221003150086 20221003151424
20221003150086 20221004212452
20221003150186 20221014190141
20221003150186 20221003150187
20221003150286 20221003150285
20221003150286 20221003150284
20221003150286 20221014190057
20221003150286 20221003150289
20221003150386 20221014190047
20221003150386 20221003150389
20221003150386 20221005200242
20221003150486 20221003151342
20221003150486 20221003150730
20221003150486 20221003150476
20221003150486 20221014190037
20221003150486 20221009005402
20221003150486 20221007220451
20221003150486 20221003150488
20221003150486 20221003150485
20221003150586 20221014185953
20221003150586 20221003150587
20221003150686 20221017182222
20221003150686 20221014185921
20221003150686 20221003150694
20221003150786 20221003150782
20221003150786 20221003150785
20221003150786 20221003150784
20221003150786 20221018161819
20221003150786 20221014185858
20221003150786 20221013173355
20221003150786 20221009005402
20221003150786 20221003151378
20221003150886 20221014185811
20221003150886 20221003150890
20221003150986 20221014185735
20221003150986 20221003150987
20221003151086 20221014185704
20221003151086 20221003151089
20221003151186 20221003151025
20221003151186 20221003151020
20221003151186 20221003150976
20221003151186 20221003150441
20221003151186 20221003150971
20221003151186 20221003151005
20221003151186 20221003150998
20221003151186 20221003150995
20221003151186 20221019151504
20221003151186 20221003150812
20221003151186 20221003150709
20221003151186 20221003151408
20221003151186 20221003151183
20221003151186 20221003151175
20221003151186 20221014185619
20221003151186 20221003150438
20221003151186 20221003150436
20221003151186 20221003151192
20221003151186 20221009102436
20221003151186 20221009005402
20221003151186 20221007220451
20221003151186 20221006215353
20221003151186 20221003151193
20221003151186 20221003150989
20221003151286 20221014190222
20221003151286 20221003151285
20221003151286 20221005200242
20221003151386 20221003151385
20221003151386 20221014185450
20221003151386 20221003151424
