20221003150087 20221014185449
20221003150087 20221003151424
20221003150087 20221004212452
20221003150187 20221006025356
20221003150187 20221013222124
20221003150187 20221014190141
20221003150187 20221003150186
20221003150187 20221003150185
20221003150287 20221014190057
20221003150287 20221003150289
20221003150387 20221014190047
20221003150387 20221003150389
20221003150387 20221005200242
20221003150487 20221003150730
20221003150487 20221003150476
20221003150487 20221014190037
20221003150487 20221008215530
20221003150487 20221007220451
20221003150487 20221003150488
20221003150587 20221014185953
20221003150587 20221009005402
20221003150587 20221003150590
20221003150587 20221003150586
20221003150687 20221014185921
20221003150687 20221003150693
20221003150787 20221014185857
20221003150787 20221003150791
20221003150887 20221014185811
20221003150887 20221003150890
20221003150987 20221003150988
20221003150987 20221003150986
20221003150987 20221003150985
20221003150987 20221003150984
20221003150987 20221003151233
20221003150987 20221003150981
20221003150987 20221014185735
20221003150987 20221003151204
20221003150987 20221012153512
20221003150987 20221009005402
20221003151087 20221014185704
20221003151087 20221003151089
20221003151187 20221003151014
20221003151187 20221003151225
20221003151187 20221003151408
20221003151187 20221014185619
20221003151187 20221014081712
20221003151187 20221003150436
20221003151187 20221003151192
20221003151187 20221009102436
20221003151187 20221009005402
20221003151187 20221007220451
20221003151187 20221003151193
20221003151287 20221003151288
20221003151287 20221014190221
20221003151287 20221003151289
20221003151387 20221014185450
20221003151387 20221003151424
