20221003150088 20221014185449
20221003150088 20221003151424
20221003150088 20221004212452
20221003150188 20221014190140
20221003150188 20221003150191
20221003150288 20221014190057
20221003150288 20221007220451
20221003150288 20221006213130
20221003150288 20221003150289
20221003150288 20221008221548
20221003150288 20221003151153
20221003150288 20221003151058
20221003150388 20221014190047
20221003150388 20221003150389
20221003150388 20221005200242
20221003150488 20221003151241
20221003150488 20221003151101
20221003150488 20221003150730
20221003150488 20221003150476
20221003150488 20221014190037
20221003150488 20221003151172
20221003150488 20221003150628
20221003150488 20221013185656
20221003150488 20221003151218
20221003150488 20221003151201
20221003150488 20221011092959
20221003150488 20221009005402
20221003150488 20221009001740
20221003150488 20221008215530
20221003150488 20221007220451
20221003150488 20221006214729
20221003150488 20221003150487
20221003150488 20221003150486
20221003150488 20221005200242
20221003150588 20221014185953
20221003150588 20221003150590
20221003150688 20221014185921
20221003150688 20221013173355
20221003150688 20221003150693
20221003150788 20221014185857
20221003150788 20221003150791
20221003150888 20221014185811
20221003150888 20221003150890
20221003150988 20221003150981
20221003150988 20221003150987
20221003150988 20221003150983
20221003150988 20221014185735
20221003150988 20221003151204
20221003150988 20221012153512
20221003151088 20221014185704
20221003151088 20221009005402
20221003151088 20221003151089
20221003151188 20221008213825
20221003151188 20221003150849
20221003151188 20221003150693
20221003151188 20221017060902
20221003151188 20221014185619
20221003151188 20221003151204
20221003151188 20221003151192
20221003151188 20221009102436
20221003151188 20221009005402
20221003151188 20221008221548
20221003151188 20221007220451
20221003151188 20221007044552
20221003151188 20221003151193
20221003151188 20221003150989
20221003151288 20221003151287
20221003151288 20221014190221
20221003151288 20221003151289
20221003151288 20221005200242
20221003151388 20221014185450
20221003151388 20221003151424
