20221003150089 20221014185449
20221003150089 20221003151424
20221003150089 20221004212452
20221003150189 20221014190140
20221003150189 20221003150191
20221003150289 20221003150287
20221003150289 20221003150286
20221003150289 20221003150283
20221003150289 20221003150282
20221003150289 20221014190057
20221003150289 20221007220451
20221003150289 20221003150288
20221003150289 20221006213130
20221003150289 20221008221548
20221003150289 20221003151153
20221003150289 20221003151058
20221003150289 20221008221940
20221003150289 20221008213254
20221003150389 20221014190047
20221003150389 20221003150388
20221003150389 20221003150387
20221003150389 20221003150386
20221003150389 20221003150385
20221003150389 20221003150384
20221003150389 20221005200242
20221003150489 20221014190036
20221003150489 20221009005402
20221003150489 20221008221822
20221003150489 20221003150490
20221003150589 20221014185953
20221003150589 20221003150590
20221003150689 20221014185921
20221003150689 20221003150693
20221003150689 20221005200242
20221003150789 20221014185857
20221003150789 20221003150271
20221003150789 20221003150791
20221003150889 20221014185811
20221003150889 20221003150890
20221003150989 20221003151175
20221003150989 20221007220451
20221003150989 20221007044552
20221003150989 20221003151184
20221003150989 20221003151186
20221003150989 20221003151188
20221003150989 20221003151191
20221003150989 20221003150996
20221003151089 20221017180938
20221003151089 20221014185704
20221003151089 20221003151088
20221003151089 20221003151087
20221003151089 20221003151086
20221003151089 20221005200242
20221003151189 20221003151191
20221003151189 20221014185619
20221003151189 20221013190422
20221003151189 20221003150426
20221003151189 20221009102436
20221003151189 20221007044552
20221003151189 20221003151193
20221003151289 20221019143424
20221003151289 20221009014200
20221003151289 20221014190221
20221003151289 20221012153019
20221003151289 20221003151288
20221003151289 20221003151287
20221003151289 20221005200242
20221003151389 20221014185450
20221003151389 20221006200018
20221003151389 20221003151424
