20221003150090 20221014185449
20221003150090 20221009015558
20221003150090 20221003151424
20221003150090 20221004212452
20221003150190 20221014190140
20221003150190 20221003150191
20221003150290 20221009005402
20221003150390 20221014190047
20221003150390 20221003150391
20221003150490 20221014213613
20221003150490 20221014190036
20221003150490 20221008221822
20221003150490 20221003150491
20221003150490 20221003150489
20221003150490 20221005200242
20221003150590 20221003150592
20221003150590 20221014185953
20221003150590 20221003150559
20221003150590 20221009005402
20221003150590 20221008212000
20221003150590 20221003150589
20221003150590 20221003150588
20221003150590 20221003150587
20221003150590 20221003150585
20221003150590 20221003150584
20221003150690 20221014185921
20221003150690 20221003150693
20221003150690 20221005200242
20221003150790 20221014185857
20221003150790 20221003150791
20221003150890 20221003150880
20221003150890 20221013190422
20221003150890 20221009015558
20221003150890 20221014185811
20221003150890 20221010142810
20221003150890 20221003150889
20221003150890 20221003150888
20221003150890 20221003150887
20221003150890 20221003150886
20221003150890 20221003150885
20221003150890 20221005200242
20221003150990 20221014185733
20221003150990 20221007043259
20221003150990 20221003150998
20221003151090 20221014185703
20221003151090 20221003151091
20221003151190 20221003151237
20221003151190 20221003151192
20221003151190 20221003150738
20221003151190 20221003150739
20221003151190 20221003151175
20221003151190 20221014185619
20221003151190 20221009102436
20221003151190 20221009005402
20221003151190 20221007220451
20221003151190 20221007044552
20221003151190 20221006215135
20221003151190 20221003151193
20221003151190 20221003150658
20221003151290 20221003151291
20221003151290 20221021183918
20221003151290 20221014185452
20221003151290 20221009005402
20221003151290 20221003151292
20221003151390 20221014185450
20221003151390 20221003151424
