20221003150091 20221014185449
20221003150091 20221009015558
20221003150091 20221003151424
20221003150091 20221004212452
20221003150191 20221003150190
20221003150191 20221003150189
20221003150191 20221003150188
20221003150191 20221019002732
20221003150191 20221003151329
20221003150191 20221008212802
20221003150191 20221003151299
20221003150191 20221012070318
20221003150191 20221006025356
20221003150191 20221014190140
20221003150291 20221008221822
20221003150291 20221003150866
20221003150291 20221003150865
20221003150291 20221003151192
20221003150291 20221003151184
20221003150291 20221003150250
20221003150391 20221014190047
20221003150391 20221003150390
20221003150391 20221005200242
20221003150491 20221014213613
20221003150491 20221014213559
20221003150491 20221014190036
20221003150491 20221008221822
20221003150491 20221003150490
20221003150491 20221005200242
20221003150591 20221014185953
20221003150591 20221003150592
20221003150691 20221014185921
20221003150691 20221003150693
20221003150691 20221005200242
20221003150791 20221008042814
20221003150791 20221003150724
20221003150791 20221009014200
20221003150791 20221008212802
20221003150791 20221003150262
20221003150791 20221014185857
20221003150791 20221003150271
20221003150791 20221003150251
20221003150791 20221003150726
20221003150791 20221003150459
20221003150791 20221003150332
20221003150791 20221003150790
20221003150791 20221003150789
20221003150791 20221003150788
20221003150791 20221003150787
20221003150791 20221005200242
20221003150891 20221014185810
20221003150891 20221003150920
20221003150891 20221011182254
20221003150891 20221003151210
20221003150991 20221014185733
20221003150991 20221003150998
20221003151091 20221014185703
20221003151091 20221009005402
20221003151091 20221003151090
20221003151191 20221003150450
20221003151191 20221003151189
20221003151191 20221003151185
20221003151191 20221003150831
20221003151191 20221018160416
20221003151191 20221015014643
20221003151191 20221003151175
20221003151191 20221014185619
20221003151191 20221003151180
20221003151191 20221003151177
20221003151191 20221009102436
20221003151191 20221003150252
20221003151191 20221003150968
20221003151191 20221003151192
20221003151191 20221009005402
20221003151191 20221007044552
20221003151191 20221003151193
20221003151191 20221003150989
20221003151291 20221021183918
20221003151291 20221003151290
20221003151291 20221014213613
20221003151291 20221014185452
20221003151291 20221003151292
20221003151391 20221003151374
20221003151391 20221003151378
20221003151391 20221003151398
20221003151391 20221014185450
20221003151391 20221009015558
20221003151391 20221003151424
