20221003150092 20221014185449
20221003150092 20221003151424
20221003150092 20221004212452
20221003150192 20221003150662
20221003150192 20221003150517
20221003150192 20221013175128
20221003150192 20221013171453
20221003150192 20221014190138
20221003150192 20221003150193
20221003150292 20221007220451
20221003150392 20221014190047
20221003150392 20221003150419
20221003150592 20221003150571
20221003150592 20221003150590
20221003150592 20221003150240
20221003150592 20221014185953
20221003150592 20221003150559
20221003150592 20221003150557
20221003150592 20221009005402
20221003150592 20221003150591
20221003150592 20221005200242
20221003150592 20221003150551
20221003150692 20221014185921
20221003150692 20221003150693
20221003150692 20221005200242
20221003150792 20221003150795
20221003150792 20221003151329
20221003150792 20221003151299
20221003150792 20221003150793
20221003150792 20221014185855
20221003150792 20221007043259
20221003150792 20221003150794
20221003150892 20221003151299
20221003150892 20221003150920
20221003150892 20221003150917
20221003150992 20221014185733
20221003150992 20221003150998
20221003151092 20221014185701
20221003151092 20221007220451
20221003151092 20221003151093
20221003151192 20221003150970
20221003151192 20221003151237
20221003151192 20221003151213
20221003151192 20221003151025
20221003151192 20221003150980
20221003151192 20221003151190
20221003151192 20221003150738
20221003151192 20221003150831
20221003151192 20221003150812
20221003151192 20221003150874
20221003151192 20221003150709
20221003151192 20221003150308
20221003151192 20221003151175
20221003151192 20221014185619
20221003151192 20221003150291
20221003151192 20221003150331
20221003151192 20221013180230
20221003151192 20221003151204
20221003151192 20221003151168
20221003151192 20221003150976
20221003151192 20221003151178
20221003151192 20221003151180
20221003151192 20221003151191
20221003151192 20221009102436
20221003151192 20221003151214
20221003151192 20221003151167
20221003151192 20221003151183
20221003151192 20221003151186
20221003151192 20221009005402
20221003151192 20221003151226
20221003151192 20221003150581
20221003151192 20221003151187
20221003151192 20221003151182
20221003151192 20221003151188
20221003151192 20221003151184
20221003151192 20221008221822
20221003151192 20221007220451
20221003151192 20221007044552
20221003151192 20221003151193
20221003151192 20221003150658
20221003151192 20221003150310
20221003151192 20221003150316
20221003151292 20221003151291
20221003151292 20221003151290
20221003151292 20221014213559
20221003151292 20221014213613
20221003151292 20221014185452
20221003151292 20221003150328
20221003151292 20221008212519
20221003151392 20221014185450
20221003151392 20221003151424
