20221003150093 20221014185449
20221003150093 20221003151424
20221003150093 20221004212452
20221003150193 20221003150192
20221003150193 20221022232952
20221003150193 20221014190138
20221003150193 20221013035124
20221003150193 20221008215400
20221003150293 20221013035616
20221003150293 20221012154324
20221003150293 20221012152421
20221003150293 20221013175128
20221003150293 20221011183500
20221003150293 20221008212000
20221003150293 20221007220451
20221003150293 20221003151210
20221003150593 20221014185952
20221003150593 20221003150594
20221003150693 20221003151188
20221003150693 20221014185921
20221003150693 20221003150694
20221003150693 20221003150692
20221003150693 20221003150691
20221003150693 20221003150690
20221003150693 20221003150689
20221003150693 20221003150688
20221003150693 20221003150687
20221003150693 20221005200242
20221003150793 20221003150792
20221003150793 20221014185855
20221003150793 20221003150794
20221003150893 20221009001455
20221003150893 20221009005402
20221003150993 20221014185733
20221003150993 20221013185251
20221003150993 20221012153512
20221003150993 20221008054439
20221003150993 20221006215353
20221003150993 20221010074318
20221003150993 20221003150998
20221003151093 20221014185701
20221003151093 20221009005402
20221003151093 20221008215655
20221003151093 20221007220451
20221003151093 20221003151094
20221003151093 20221003151092
20221003151193 20221003150462
20221003151193 20221019143424
20221003151193 20221003151408
20221003151193 20221015005535
20221003151193 20221003151175
20221003151193 20221014185619
20221003151193 20221003151195
20221003151193 20221014164014
20221003151193 20221003150242
20221003151193 20221003150252
20221003151193 20221003150968
20221003151193 20221009102436
20221003151193 20221009005402
20221003151193 20221009001740
20221003151193 20221008221548
20221003151193 20221008221822
20221003151193 20221008210209
20221003151193 20221007220451
20221003151193 20221006215353
20221003151193 20221003151192
20221003151193 20221003151191
20221003151193 20221003151190
20221003151193 20221003151189
20221003151193 20221003151188
20221003151193 20221003151187
20221003151193 20221003151186
20221003151193 20221003151185
20221003151193 20221003151184
20221003151193 20221003151183
20221003151193 20221003151182
20221003151193 20221003151180
20221003151193 20221005200242
20221003151293 20221014190301
20221003151293 20221008081231
20221003151293 20221003151295
20221003151393 20221014185450
20221003151393 20221013035616
20221003151393 20221003151424
20221003151393 20221003151322
