20221003150094 20221014185449
20221003150094 20221003151424
20221003150094 20221004212452
20221003150194 20221018190312
20221003150194 20221014190137
20221003150194 20221012070318
20221003150194 20221010222312
20221003150194 20221003150920
20221003150194 20221003151299
20221003150194 20221013222124
20221003150194 20221003150198
20221003150194 20221010074318
20221003150294 20221017172946
20221003150294 20221007220451
20221003150294 20221003150717
20221003150294 20221003150716
20221003150294 20221003150715
20221003150294 20221003150711
20221003150294 20221003150662
20221003150594 20221014185952
20221003150594 20221003150593
20221003150594 20221005200242
20221003150694 20221013035124
20221003150694 20221017180938
20221003150694 20221014185921
20221003150694 20221008213825
20221003150694 20221003150693
20221003150694 20221003150686
20221003150694 20221005200242
20221003150794 20221014185855
20221003150794 20221003150796
20221003150794 20221003150793
20221003150794 20221003150792
20221003150794 20221005200242
20221003150894 20221014185808
20221003150894 20221003151258
20221003150894 20221009005402
20221003150894 20221003150920
20221003150994 20221014185733
20221003150994 20221003150457
20221003150994 20221003150998
20221003151094 20221014185701
20221003151094 20221013185837
20221003151094 20221003151060
20221003151094 20221008213458
20221003151094 20221003151093
20221003151094 20221005200242
20221003151194 20221014185617
20221003151194 20221003150644
20221003151194 20221003150795
20221003151194 20221017060902
20221003151194 20221003151175
20221003151194 20221011181920
20221003151194 20221011181531
20221003151194 20221007220451
20221003151294 20221014190301
20221003151294 20221008081231
20221003151294 20221003151295
20221003151394 20221014185450
20221003151394 20221003151424
20221003151394 20221005200242
