20221003150095 20221014185449
20221003150095 20221003151424
20221003150095 20221004212452
20221003150195 20221014190135
20221003150195 20221015024515
20221003150195 20221012070318
20221003150195 20221009005402
20221003150195 20221008061845
20221003150195 20221006025356
20221003150195 20221003151299
20221003150195 20221003150551
20221003150295 20221012153019
20221003150295 20221012153227
20221003150295 20221009005402
20221003150595 20221014185950
20221003150595 20221003150600
20221003150695 20221014185920
20221003150695 20221003150698
20221003150795 20221003151194
20221003150795 20221003150792
20221003150795 20221014185855
20221003150795 20221003150796
20221003150895 20221014185808
20221003150895 20221009005402
20221003150895 20221007220451
20221003150895 20221003150920
20221003150995 20221003151186
20221003150995 20221014185733
20221003150995 20221006215353
20221003150995 20221003150998
20221003151095 20221014185700
20221003151095 20221007220451
20221003151095 20221003151097
20221003151195 20221003150855
20221003151195 20221014185616
20221003151195 20221003151175
20221003151195 20221003151193
20221003151195 20221003151176
20221003151195 20221003150840
20221003151195 20221013184806
20221003151195 20221003150550
20221003151195 20221003150973
20221003151195 20221003151238
20221003151195 20221003150134
20221003151195 20221009102436
20221003151195 20221003151129
20221003151195 20221003150242
20221003151295 20221018190312
20221003151295 20221003151294
20221003151295 20221003151293
20221003151295 20221008081231
20221003151295 20221003151299
20221003151295 20221014190301
20221003151295 20221008005525
20221003151295 20221007220451
20221003151395 20221014185450
20221003151395 20221003151424
