20221003150196 20221014190132
20221003150196 20221003150197
20221003150296 20221022210719
20221003150296 20221014190056
20221003150296 20221003150299
20221003150296 20221003150297
20221003150296 20221003150298
20221003150596 20221014185950
20221003150596 20221009005402
20221003150596 20221003150600
20221003150696 20221014185920
20221003150696 20221003150698
20221003150796 20221014185855
20221003150796 20221003150795
20221003150796 20221003150794
20221003150796 20221005200242
20221003150896 20221015024515
20221003150896 20221014185808
20221003150896 20221003150920
20221003150996 20221014185733
20221003150996 20221003150976
20221003150996 20221003150998
20221003150996 20221003150989
20221003151096 20221014185700
20221003151096 20221003151097
20221003151196 20221014185614
20221003151196 20221009102436
20221003151196 20221003150242
20221003151196 20221006025356
20221003151196 20221003150270
20221003151196 20221003150267
20221003151196 20221003150268
20221003151296 20221013222124
20221003151296 20221014190259
20221003151296 20221003151299
20221003151396 20221014185450
20221003151396 20221010150900
20221003151396 20221003151424
