20221003150097 20221003150157
20221003150097 20221013194055
20221003150097 20221013185251
20221003150097 20221009014200
20221003150097 20221008215400
20221003150097 20221008213254
20221003150097 20221006025356
20221003150097 20221003151274
20221003150197 20221014190132
20221003150197 20221003150196
20221003150197 20221003150120
20221003150297 20221003150296
20221003150297 20221022210719
20221003150297 20221013222124
20221003150297 20221014190056
20221003150297 20221003150299
20221003150597 20221014185950
20221003150597 20221003150600
20221003150697 20221014185920
20221003150697 20221007220451
20221003150697 20221003150698
20221003150797 20221014185854
20221003150797 20221010184202
20221003150797 20221003150798
20221003150897 20221014185808
20221003150897 20221009005402
20221003150897 20221003150901
20221003150997 20221014185733
20221003150997 20221003150998
20221003151097 20221003150477
20221003151097 20221014185700
20221003151097 20221007220451
20221003151097 20221003151096
20221003151097 20221003151095
20221003151197 20221003151152
20221003151197 20221014185612
20221003151197 20221013190422
20221003151197 20221003151030
20221003151197 20221009102436
20221003151197 20221009005402
20221003151197 20221007044552
20221003151197 20221003151198
20221003151297 20221013222124
20221003151297 20221014190259
20221003151297 20221003151298
20221003151397 20221003151301
20221003151397 20221014185450
20221003151397 20221003150276
20221003151397 20221003151424
