20221003150098 20221021202250
20221003150098 20221019220305
20221003150098 20221018182017
20221003150098 20221011085218
20221003150098 20221015020830
20221003150098 20221015010931
20221003150098 20221015011227
20221003150098 20221010161950
20221003150098 20221014153143
20221003150098 20221013214821
20221003150098 20221013204452
20221003150098 20221003151159
20221003150098 20221009013945
20221003150098 20221013005916
20221003150098 20221008211707
20221003150098 20221012145943
20221003150098 20221012102630
20221003150098 20221011090542
20221003150098 20221010175613
20221003150098 20221010164408
20221003150098 20221010150900
20221003150098 20221009100510
20221003150098 20221008061845
20221003150098 20221008042814
20221003150098 20221007062330
20221003150098 20221026135851
20221003150098 20221010153630
20221003150098 20221026182432
20221003150098 20221010183037
20221003150098 20221028085630
20221003150198 20221014190131
20221003150198 20221012135301
20221003150198 20221003151299
20221003150198 20221003150194
20221003150298 20221003150296
20221003150298 20221022210719
20221003150298 20221014190056
20221003150298 20221013194055
20221003150298 20221003151274
20221003150298 20221003150299
20221003150598 20221014185950
20221003150598 20221003150600
20221003150698 20221003151164
20221003150698 20221009014200
20221003150698 20221014185920
20221003150698 20221013173355
20221003150698 20221007220451
20221003150698 20221003150697
20221003150698 20221003150696
20221003150698 20221003150695
20221003150798 20221008212802
20221003150798 20221003150161
20221003150798 20221003150160
20221003150798 20221015004120
20221003150798 20221009014200
20221003150798 20221015004916
20221003150798 20221015005249
20221003150798 20221014222109
20221003150798 20221014185854
20221003150798 20221014154703
20221003150798 20221014073148
20221003150798 20221014071406
20221003150798 20221006054727
20221003150798 20221012144502
20221003150798 20221012102630
20221003150798 20221012095659
20221003150798 20221012093513
20221003150798 20221010184202
20221003150798 20221009211130
20221003150798 20221009012547
20221003150798 20221009005402
20221003150798 20221008190117
20221003150798 20221008195148
20221003150798 20221008182309
20221003150798 20221008181005
20221003150798 20221008052510
20221003150798 20221008042334
20221003150798 20221007200304
20221003150798 20221007194303
20221003150798 20221007193324
20221003150798 20221007043259
20221003150798 20221003150797
20221003150798 20221026060602
20221003150898 20221014185808
20221003150898 20221009005402
20221003150898 20221003150901
20221003150998 20221003151006
20221003150998 20221003151186
20221003150998 20221014185733
20221003150998 20221003151003
20221003150998 20221003150443
20221003150998 20221006215353
20221003150998 20221010161950
20221003150998 20221007043259
20221003150998 20221003150997
20221003150998 20221003150996
20221003150998 20221003150995
20221003150998 20221003150994
20221003150998 20221003150993
20221003150998 20221003150992
20221003150998 20221003150991
20221003150998 20221003150990
20221003151098 20221014185658
20221003151098 20221009005402
20221003151098 20221003151101
20221003151198 20221003150781
20221003151198 20221003151213
20221003151198 20221014185612
20221003151198 20221003151175
20221003151198 20221003151172
20221003151198 20221003151197
20221003151198 20221003150312
20221003151198 20221013190422
20221003151198 20221003150838
20221003151198 20221003151035
20221003151198 20221003151169
20221003151198 20221009102436
20221003151198 20221009005402
20221003151198 20221007044552
20221003151298 20221013222124
20221003151298 20221014190259
20221003151298 20221003151299
20221003151298 20221003151297
20221003151398 20221014185450
20221003151398 20221009015743
20221003151398 20221003151424
20221003151398 20221003151391
