20221003150099 20221014185507
20221003150099 20221007220451
20221003150099 20221003150105
20221003150099 20221003150100
20221003150199 20221014190129
20221003150199 20221006025730
20221003150199 20221003150140
20221003150199 20221003150157
20221003150199 20221013194055
20221003150199 20221009014200
20221003150199 20221006025356
20221003150199 20221003151299
20221003150199 20221003151274
20221003150299 20221003150296
20221003150299 20221003150298
20221003150299 20221003150297
20221003150299 20221022210719
20221003150299 20221013222124
20221003150299 20221014190056
20221003150499 20221014190024
20221003150499 20221008221822
20221003150499 20221003150500
20221003150599 20221014185950
20221003150599 20221003150600
20221003150699 20221014185918
20221003150699 20221003150709
20221003150799 20221014185852
20221003150799 20221007220451
20221003150799 20221003150801
20221003150899 20221014185808
20221003150899 20221009005402
20221003150899 20221003150901
20221003150999 20221014185733
20221003150999 20221003151004
20221003151099 20221014185658
20221003151099 20221009005402
20221003151099 20221003151101
20221003151099 20221005200242
20221003151199 20221014185611
20221003151199 20221009102436
20221003151199 20221003150242
20221003151299 20221003151239
20221003151299 20221003151259
20221003151299 20221003151227
20221003151299 20221003151241
20221003151299 20221019141821
20221003151299 20221003150191
20221003151299 20221018190312
20221003151299 20221018193528
20221003151299 20221018183943
20221003151299 20221018182017
20221003151299 20221003150685
20221003151299 20221003151321
20221003151299 20221018050302
20221003151299 20221003150194
20221003151299 20221003151295
20221003151299 20221003151301
20221003151299 20221003150792
20221003151299 20221017084459
20221003151299 20221003151331
20221003151299 20221003151330
20221003151299 20221003151325
20221003151299 20221003150174
20221003151299 20221014190259
20221003151299 20221003151335
20221003151299 20221003151408
20221003151299 20221014142356
20221003151299 20221014074726
20221003151299 20221014073148
20221003151299 20221013222336
20221003151299 20221013222124
20221003151299 20221003150198
20221003151299 20221003150195
20221003151299 20221003150135
20221003151299 20221003150132
20221003151299 20221003150199
20221003151299 20221013190051
20221003151299 20221013171453
20221003151299 20221003150727
20221003151299 20221003150726
20221003151299 20221003150892
20221003151299 20221003150834
20221003151299 20221003151339
20221003151299 20221003151302
20221003151299 20221003151300
20221003151299 20221003151431
20221003151299 20221003151340
20221003151299 20221012102630
20221003151299 20221012102820
20221003151299 20221012094712
20221003151299 20221012070836
20221003151299 20221012070318
20221003151299 20221011145143
20221003151299 20221003151424
20221003151299 20221003151332
20221003151299 20221008214631
20221003151299 20221003151329
20221003151299 20221003150067
20221003151299 20221003150073
20221003151299 20221010164408
20221003151299 20221010074318
20221003151299 20221009012547
20221003151299 20221009005402
20221003151299 20221008212519
20221003151299 20221008212000
20221003151299 20221008182309
20221003151299 20221008081231
20221003151299 20221008050923
20221003151299 20221008005525
20221003151299 20221007220451
20221003151299 20221007181438
20221003151299 20221007043646
20221003151299 20221003151298
20221003151299 20221003151296
20221003151299 20221005200242
20221003151299 20221003150172
20221003151299 20221027011800
20221003151299 20221028023010
20221003151399 20221003151436
20221003151399 20221018133841
20221003151399 20221014185450
20221003151399 20221003150684
20221003151399 20221003151424
